"","fileName","fileNum","cumSumNum","uniqueUsers","cumSumUniq"
"1","2013Nov20_00.RData",70723,70723,56930,56930
"2","2013Nov20_01.RData",52433,123156,42799,99729
"3","2013Nov20_02.RData",30719,153875,25213,124942
"4","2013Nov20_03.RData",15564,169439,12837,137779
"5","2013Nov20_04.RData",7557,176996,6182,143961
"6","2013Nov20_05.RData",5235,182231,4034,147995
"7","2013Nov20_06.RData",9307,191538,7166,155161
"8","2013Nov20_07.RData",19003,210541,15244,170405
"9","2013Nov20_08.RData",28437,238978,22734,193139
"10","2013Nov20_09.RData",38752,277730,30804,223943
"11","2013Nov20_10.RData",49690,327420,39452,263395
"12","2013Nov20_11.RData",55119,382539,43513,306908
"13","2013Nov20_12.RData",58820,441359,46479,353387
"14","2013Nov20_13.RData",58103,499462,45833,399220
"15","2013Nov20_14.RData",58698,558160,46356,445576
"16","2013Nov20_15.RData",59047,617207,46535,492111
"17","2013Nov20_16.RData",58643,675850,46700,538811
"18","2013Nov20_17.RData",63615,739465,50440,589251
"19","2013Nov20_18.RData",50456,789921,39875,629126
"20","2013Nov20_20.RData",54884,844805,43352,672478
"21","2013Nov20_21.RData",78094,922899,61935,734413
"22","2013Nov20_22.RData",78632,1001531,62228,796641
"23","2013Nov20_23.RData",77025,1078556,61413,858054
"24","2013Nov21_00.RData",71797,1150353,57620,915674
"25","2013Nov21_01.RData",53151,1203504,43098,958772
"26","2013Nov21_02.RData",30764,1234268,25187,983959
"27","2013Nov21_03.RData",16335,1250603,13480,997439
"28","2013Nov21_04.RData",8374,1258977,6837,1004276
"29","2013Nov21_05.RData",5463,1264440,4310,1008586
"30","2013Nov21_06.RData",10089,1274529,8017,1016603
"31","2013Nov21_07.RData",19376,1293905,15556,1032159
"32","2013Nov21_08.RData",28196,1322101,22167,1054326
"33","2013Nov21_09.RData",40265,1362366,31723,1086049
"34","2013Nov21_10.RData",49609,1411975,39225,1125274
"35","2013Nov21_11.RData",55834,1467809,44229,1169503
"36","2013Nov21_12.RData",60043,1527852,47106,1216609
"37","2013Nov21_13.RData",59635,1587487,46851,1263460
"38","2013Nov21_14.RData",60473,1647960,46874,1310334
"39","2013Nov21_15.RData",60444,1708404,47763,1358097
"40","2013Nov21_16.RData",62465,1770869,49342,1407439
"41","2013Nov21_17.RData",66278,1837147,52187,1459626
"42","2013Nov21_18.RData",69539,1906686,54782,1514408
"43","2013Nov21_19.RData",73463,1980149,57492,1571900
"44","2013Nov21_20.RData",74797,2054946,58517,1630417
"45","2013Nov21_21.RData",77439,2132385,61160,1691577
"46","2013Nov21_22.RData",77087,2209472,60670,1752247
"47","2013Nov21_23.RData",76420,2285892,60613,1812860
"48","2013Nov22_00.RData",70122,2356014,56191,1869051
"49","2013Nov22_01.RData",53414,2409428,43102,1912153
"50","2013Nov22_02.RData",33029,2442457,26978,1939131
"51","2013Nov22_03.RData",19836,2462293,16198,1955329
"52","2013Nov22_04.RData",10649,2472942,8597,1963926
"53","2013Nov22_05.RData",7039,2479981,5296,1969222
"54","2013Nov22_06.RData",11657,2491638,8871,1978093
"55","2013Nov22_07.RData",21415,2513053,15935,1994028
"56","2013Nov22_08.RData",32690,2545743,24534,2018562
"57","2013Nov22_09.RData",44923,2590666,33947,2052509
"58","2013Nov22_10.RData",54668,2645334,42326,2094835
"59","2013Nov22_11.RData",61511,2706845,47486,2142321
"60","2013Nov22_12.RData",63175,2770020,48885,2191206
"61","2013Nov22_13.RData",61064,2831084,47194,2238400
"62","2013Nov22_14.RData",60905,2891989,46844,2285244
"63","2013Nov22_15.RData",60854,2952843,47070,2332314
"64","2013Nov22_16.RData",62179,3015022,48242,2380556
"65","2013Nov22_17.RData",64940,3079962,50894,2431450
"66","2013Nov22_18.RData",66292,3146254,51668,2483118
"67","2013Nov22_19.RData",64777,3211031,50645,2533763
"68","2013Nov22_20.RData",66765,3277796,52465,2586228
"69","2013Nov22_21.RData",69111,3346907,54361,2640589
"70","2013Nov22_22.RData",71151,3418058,56166,2696755
"71","2013Nov22_23.RData",69980,3488038,55342,2752097
"72","2013Nov23_00.RData",65995,3554033,53177,2805274
"73","2013Nov23_01.RData",51745,3605778,42186,2847460
"74","2013Nov23_02.RData",36358,3642136,29588,2877048
"75","2013Nov23_03.RData",23573,3665709,19261,2896309
"76","2013Nov23_04.RData",12217,3677926,10043,2906352
"77","2013Nov23_05.RData",7198,3685124,5725,2912077
"78","2013Nov23_06.RData",6730,3691854,5037,2917114
"79","2013Nov23_07.RData",9977,3701831,7617,2924731
"80","2013Nov23_08.RData",19745,3721576,15153,2939884
"81","2013Nov23_09.RData",34105,3755681,26949,2966833
"82","2013Nov23_10.RData",48875,3804556,38704,3005537
"83","2013Nov23_11.RData",58964,3863520,46452,3051989
"84","2013Nov23_12.RData",64927,3928447,51453,3103442
"85","2013Nov23_13.RData",63358,3991805,50166,3153608
"86","2013Nov23_14.RData",64995,4056800,50017,3203625
"87","2013Nov23_15.RData",62607,4119407,48885,3252510
"88","2013Nov23_16.RData",60095,4179502,47905,3300415
"89","2013Nov23_17.RData",64452,4243954,51166,3351581
"90","2013Nov23_18.RData",66203,4310157,51803,3403384
"91","2013Nov23_19.RData",67315,4377472,53216,3456600
"92","2013Nov23_20.RData",67980,4445452,53718,3510318
"93","2013Nov23_21.RData",69921,4515373,55259,3565577
"94","2013Nov23_22.RData",70572,4585945,56232,3621809
"95","2013Nov23_23.RData",69597,4655542,56015,3677824
"96","2013Nov24_00.RData",67649,4723191,54577,3732401
"97","2013Nov24_01.RData",57219,4780410,46979,3779380
"98","2013Nov24_02.RData",43011,4823421,35246,3814626
"99","2013Nov24_03.RData",28030,4851451,23082,3837708
"100","2013Nov24_04.RData",16061,4867512,13117,3850825
"101","2013Nov24_05.RData",8870,4876382,7114,3857939
"102","2013Nov24_06.RData",5393,4881775,4212,3862151
"103","2013Nov24_07.RData",7827,4889602,5896,3868047
"104","2013Nov24_08.RData",15797,4905399,12191,3880238
"105","2013Nov24_09.RData",29344,4934743,23352,3903590
"106","2013Nov24_10.RData",44119,4978862,35332,3938922
"107","2013Nov24_11.RData",57756,5036618,45720,3984642
"108","2013Nov24_12.RData",65836,5102454,51915,4036557
"109","2013Nov24_13.RData",66555,5169009,52800,4089357
"110","2013Nov24_14.RData",67509,5236518,53649,4143006
"111","2013Nov24_15.RData",66673,5303191,52970,4195976
"112","2013Nov24_16.RData",62519,5365710,50285,4246261
"113","2013Nov24_17.RData",67101,5432811,53397,4299658
"114","2013Nov24_18.RData",67916,5500727,54329,4353987
"115","2013Nov24_19.RData",69524,5570251,55390,4409377
"116","2013Nov24_20.RData",66817,5637068,53910,4463287
"117","2013Nov24_21.RData",68652,5705720,55037,4518324
"118","2013Nov24_22.RData",64131,5769851,51567,4569891
"119","2013Nov24_23.RData",70511,5840362,56975,4626866
"120","2013Nov25_00.RData",70406,5910768,57183,4684049
"121","2013Nov25_01.RData",62011,5972779,50364,4734413
"122","2013Nov25_02.RData",38665,6011444,31836,4766249
"123","2013Nov25_03.RData",20519,6031963,17102,4783351
"124","2013Nov25_04.RData",10855,6042818,8843,4792194
"125","2013Nov25_05.RData",6167,6048985,4916,4797110
"126","2013Nov25_06.RData",9349,6058334,7263,4804373
"127","2013Nov25_07.RData",17300,6075634,13588,4817961
"128","2013Nov25_08.RData",25694,6101328,20385,4838346
"129","2013Nov25_09.RData",36078,6137406,28771,4867117
"130","2013Nov25_10.RData",48231,6185637,38875,4905992
"131","2013Nov25_11.RData",59415,6245052,47498,4953490
"132","2013Nov25_12.RData",62761,6307813,50105,5003595
"133","2013Nov25_13.RData",62137,6369950,49230,5052825
"134","2013Nov25_14.RData",62204,6432154,49285,5102110
"135","2013Nov25_15.RData",64154,6496308,51368,5153478
"136","2013Nov25_16.RData",63468,6559776,50522,5204000
"137","2013Nov25_17.RData",66596,6626372,53450,5257450
"138","2013Nov25_18.RData",70610,6696982,55801,5313251
"139","2013Nov25_19.RData",75214,6772196,59666,5372917
"140","2013Nov25_20.RData",77002,6849198,61131,5434048
"141","2013Nov25_21.RData",77951,6927149,61804,5495852
"142","2013Nov25_22.RData",79143,7006292,62698,5558550
"143","2013Nov25_23.RData",77373,7083665,61744,5620294
"144","2013Nov26_00.RData",74230,7157895,59820,5680114
"145","2013Nov26_01.RData",61571,7219466,49837,5729951
"146","2013Nov26_02.RData",38760,7258226,31739,5761690
"147","2013Nov26_03.RData",23286,7281512,19019,5780709
"148","2013Nov26_04.RData",11540,7293052,9569,5790278
"149","2013Nov26_05.RData",7177,7300229,5863,5796141
"150","2013Nov26_06.RData",10670,7310899,8265,5804406
"151","2013Nov26_07.RData",19535,7330434,15297,5819703
"152","2013Nov26_08.RData",28456,7358890,22390,5842093
"153","2013Nov26_09.RData",39350,7398240,31446,5873539
"154","2013Nov26_10.RData",50947,7449187,40589,5914128
"155","2013Nov26_11.RData",59581,7508768,47438,5961566
"156","2013Nov26_12.RData",63458,7572226,50503,6012069
"157","2013Nov26_13.RData",64007,7636233,50736,6062805
"158","2013Nov26_14.RData",64382,7700615,51437,6114242
"159","2013Nov26_15.RData",64590,7765205,51085,6165327
"160","2013Nov26_16.RData",66226,7831431,52700,6218027
"161","2013Nov26_17.RData",65729,7897160,52438,6270465
"162","2013Nov26_18.RData",69280,7966440,55539,6326004
"163","2013Nov26_19.RData",72439,8038879,57345,6383349
"164","2013Nov26_20.RData",73670,8112549,58437,6441786
"165","2013Nov26_21.RData",74549,8187098,58988,6500774
"166","2013Nov26_22.RData",77279,8264377,61136,6561910
"167","2013Nov26_23.RData",75965,8340342,60257,6622167
"168","2013Nov27_00.RData",73532,8413874,59302,6681469
"169","2013Nov27_01.RData",66404,8480278,53961,6735430
"170","2013Nov27_02.RData",47450,8527728,38388,6773818
"171","2013Nov27_03.RData",28004,8555732,22897,6796715
"172","2013Nov27_04.RData",14116,8569848,11549,6808264
"173","2013Nov27_05.RData",8486,8578334,6816,6815080
"174","2013Nov27_06.RData",9125,8587459,7113,6822193
"175","2013Nov27_07.RData",14993,8602452,11658,6833851
"176","2013Nov27_08.RData",19995,8622447,15362,6849213
"177","2013Nov27_09.RData",29418,8651865,23193,6872406
"178","2013Nov27_10.RData",40897,8692762,32324,6904730
"179","2013Nov27_11.RData",23605,8716367,18917,6923647
"180","2013Nov27_12.RData",18809,8735176,14715,6938362
"181","2013Nov27_13.RData",36995,8772171,29471,6967833
"182","2013Nov27_14.RData",25578,8797749,20285,6988118
"183","2013Nov27_15.RData",15400,8813149,12270,7000388
"184","2013Nov27_16.RData",35435,8848584,27801,7028189
"185","2013Nov27_17.RData",36804,8885388,29402,7057591
"186","2013Nov27_18.RData",60089,8945477,47491,7105082
"187","2013Nov27_19.RData",35368,8980845,28001,7133083
"188","2013Nov27_20.RData",36004,9016849,28858,7161941
"189","2013Nov27_21.RData",25751,9042600,20632,7182573
"190","2013Nov27_22.RData",27069,9069669,21665,7204238
"191","2013Nov27_23.RData",32726,9102395,26358,7230596
"192","2013Nov28_00.RData",39403,9141798,31740,7262336
"193","2013Nov28_01.RData",25065,9166863,20093,7282429
"194","2013Nov28_02.RData",15816,9182679,12816,7295245
"195","2013Nov28_03.RData",16123,9198802,13151,7308396
"196","2013Nov28_04.RData",3958,9202760,3233,7311629
"197","2013Nov28_05.RData",4834,9207594,3828,7315457
"198","2013Nov28_06.RData",4537,9212131,3485,7318942
"199","2013Nov28_07.RData",8025,9220156,5895,7324837
"200","2013Nov28_08.RData",17696,9237852,13182,7338019
"201","2013Nov28_09.RData",19444,9257296,13816,7351835
"202","2013Nov28_10.RData",35589,9292885,24386,7376221
"203","2013Nov28_11.RData",19481,9312366,13427,7389648
"204","2013Nov28_12.RData",24078,9336444,16655,7406303
"205","2013Nov28_13.RData",38000,9374444,26972,7433275
"206","2013Nov28_14.RData",33213,9407657,24289,7457564
"207","2013Nov28_15.RData",25910,9433567,19597,7477161
"208","2013Nov28_16.RData",30925,9464492,23402,7500563
"209","2013Nov28_17.RData",24067,9488559,19018,7519581
"210","2013Nov28_18.RData",42929,9531488,34113,7553694
"211","2013Nov28_19.RData",41922,9573410,33242,7586936
"212","2013Nov28_20.RData",26799,9600209,21575,7608511
"213","2013Nov28_21.RData",34969,9635178,28073,7636584
"214","2013Nov28_22.RData",12372,9647550,10093,7646677
"215","2013Nov28_23.RData",30476,9678026,24874,7671551
"216","2013Nov29_00.RData",38819,9716845,31804,7703355
"217","2013Nov29_01.RData",19304,9736149,15955,7719310
"218","2013Nov29_02.RData",25079,9761228,20902,7740212
"219","2013Nov29_03.RData",17835,9779063,14930,7755142
"220","2013Nov29_04.RData",7315,9786378,6190,7761332
"221","2013Nov29_05.RData",4153,9790531,3441,7764773
"222","2013Nov29_06.RData",6759,9797290,5304,7770077
"223","2013Nov29_07.RData",4555,9801845,3359,7773436
"224","2013Nov29_08.RData",10125,9811970,7746,7781182
"225","2013Nov29_09.RData",13934,9825904,10709,7791891
"226","2013Nov29_10.RData",12557,9838461,9995,7801886
"227","2013Nov29_11.RData",39407,9877868,30735,7832621
"228","2013Nov29_12.RData",30375,9908243,23512,7856133
"229","2013Nov29_13.RData",26270,9934513,20878,7877011
"230","2013Nov29_14.RData",32859,9967372,26028,7903039
"231","2013Nov29_15.RData",26653,9994025,21145,7924184
"232","2013Nov29_16.RData",35371,10029396,28010,7952194
"233","2013Nov29_17.RData",27036,10056432,21579,7973773
"234","2013Nov29_18.RData",34015,10090447,27350,8001123
"235","2013Nov29_19.RData",39835,10130282,31652,8032775
"236","2013Nov29_20.RData",32876,10163158,26253,8059028
"237","2013Nov29_21.RData",37674,10200832,30120,8089148
"238","2013Nov29_22.RData",19989,10220821,16043,8105191
"239","2013Nov29_23.RData",43049,10263870,34491,8139682
"240","2013Nov30_00.RData",52470,10316340,42906,8182588
"241","2013Nov30_01.RData",24410,10340750,19887,8202475
"242","2013Nov30_02.RData",33935,10374685,27837,8230312
"243","2013Nov30_03.RData",12879,10387564,10710,8241022
"244","2013Nov30_04.RData",6311,10393875,5263,8246285
"245","2013Nov30_05.RData",3736,10397611,3115,8249400
"246","2013Nov30_06.RData",3394,10401005,2764,8252164
"247","2013Nov30_07.RData",4102,10405107,3171,8255335
"248","2013Nov30_08.RData",9808,10414915,7559,8262894
"249","2013Nov30_09.RData",16828,10431743,13542,8276436
"250","2013Nov30_10.RData",13313,10445056,10787,8287223
"251","2013Nov30_11.RData",25138,10470194,20052,8307275
"252","2013Nov30_12.RData",20221,10490415,16317,8323592
"253","2013Nov30_13.RData",26877,10517292,21660,8345252
"254","2013Nov30_14.RData",27426,10544718,21976,8367228
"255","2013Nov30_15.RData",19321,10564039,15310,8382538
"256","2013Nov30_16.RData",34605,10598644,27830,8410368
"257","2013Nov30_17.RData",57504,10656148,46153,8456521
"258","2013Nov30_18.RData",28321,10684469,22752,8479273
"259","2013Nov30_19.RData",27655,10712124,22766,8502039
"260","2013Nov30_20.RData",40424,10752548,32158,8534197
"261","2013Nov30_21.RData",28010,10780558,22487,8556684
"262","2013Nov30_22.RData",38059,10818617,31058,8587742
"263","2013Nov30_23.RData",28150,10846767,23005,8610747
"264","2013Dec01_00.RData",36257,10883024,29623,8640370
"265","2013Dec01_01.RData",49848,10932872,40912,8681282
"266","2013Dec01_02.RData",30687,10963559,25291,8706573
"267","2013Dec01_03.RData",20346,10983905,16833,8723406
"268","2013Dec01_04.RData",9891,10993796,8296,8731702
"269","2013Dec01_05.RData",7002,11000798,5861,8737563
"270","2013Dec01_06.RData",3383,11004181,2714,8740277
"271","2013Dec01_07.RData",4763,11008944,3698,8743975
"272","2013Dec01_08.RData",6672,11015616,5199,8749174
"273","2013Dec01_09.RData",12758,11028374,10021,8759195
"274","2013Dec01_10.RData",20853,11049227,16766,8775961
"275","2013Dec01_11.RData",26297,11075524,20953,8796914
"276","2013Dec01_12.RData",30748,11106272,24802,8821716
"277","2013Dec01_13.RData",27404,11133676,22099,8843815
"278","2013Dec01_14.RData",17848,11151524,14413,8858228
"279","2013Dec01_15.RData",44828,11196352,36164,8894392
"280","2013Dec01_16.RData",28517,11224869,23026,8917418
"281","2013Dec01_17.RData",36500,11261369,29357,8946775
"282","2013Dec01_18.RData",38442,11299811,31124,8977899
"283","2013Dec01_19.RData",40671,11340482,32735,9010634
"284","2013Dec01_20.RData",32342,11372824,26077,9036711
"285","2013Dec01_21.RData",37701,11410525,30204,9066915
"286","2013Dec01_22.RData",40690,11451215,32885,9099800
"287","2013Dec01_23.RData",12962,11464177,10501,9110301
"288","2013Dec02_00.RData",35010,11499187,28537,9138838
"289","2013Dec02_01.RData",20580,11519767,16894,9155732
"290","2013Dec02_02.RData",32053,11551820,26473,9182205
"291","2013Dec02_03.RData",18095,11569915,14985,9197190
"292","2013Dec02_04.RData",5333,11575248,4432,9201622
"293","2013Dec02_05.RData",2139,11577387,1687,9203309
"294","2013Dec02_06.RData",2464,11579851,1916,9205225
"295","2013Dec02_07.RData",9022,11588873,7250,9212475
"296","2013Dec02_08.RData",13746,11602619,11129,9223604
"297","2013Dec02_09.RData",26797,11629416,21712,9245316
"298","2013Dec02_10.RData",43152,11672568,34763,9280079
"299","2013Dec02_11.RData",50561,11723129,40625,9320704
"300","2013Dec02_12.RData",53442,11776571,43098,9363802
"301","2013Dec02_13.RData",54446,11831017,43215,9407017
"302","2013Dec02_14.RData",56390,11887407,44636,9451653
"303","2013Dec02_15.RData",57928,11945335,46156,9497809
"304","2013Dec02_16.RData",60037,12005372,47859,9545668
"305","2013Dec02_17.RData",62607,12067979,50178,9595846
"306","2013Dec02_18.RData",68140,12136119,54470,9650316
"307","2013Dec02_19.RData",72950,12209069,58221,9708537
"308","2013Dec02_20.RData",68113,12277182,54430,9762967
"309","2013Dec02_21.RData",42007,12319189,33464,9796431
"310","2013Dec02_22.RData",79341,12398530,62891,9859322
"311","2013Dec02_23.RData",79702,12478232,63379,9922701
"312","2013Dec03_00.RData",76704,12554936,61568,9984269
"313","2013Dec03_01.RData",65038,12619974,52989,10037258
"314","2013Dec03_02.RData",39698,12659672,32582,10069840
"315","2013Dec03_03.RData",20236,12679908,16520,10086360
"316","2013Dec03_04.RData",9846,12689754,8097,10094457
"317","2013Dec03_05.RData",6649,12696403,5230,10099687
"318","2013Dec03_06.RData",9627,12706030,7599,10107286
"319","2013Dec03_07.RData",18695,12724725,14640,10121926
"320","2013Dec03_08.RData",26342,12751067,20728,10142654
"321","2013Dec03_09.RData",35298,12786365,28151,10170805
"322","2013Dec03_10.RData",47087,12833452,37017,10207822
"323","2013Dec03_11.RData",52428,12885880,41534,10249356
"324","2013Dec03_12.RData",56183,12942063,43994,10293350
"325","2013Dec03_13.RData",57459,12999522,45494,10338844
"326","2013Dec03_14.RData",58057,13057579,46094,10384938
"327","2013Dec03_15.RData",59240,13116819,46833,10431771
"328","2013Dec03_16.RData",61335,13178154,48376,10480147
"329","2013Dec03_17.RData",64015,13242169,50841,10530988
"330","2013Dec03_18.RData",66784,13308953,53026,10584014
"331","2013Dec03_19.RData",72105,13381058,57218,10641232
"332","2013Dec03_20.RData",63067,13444125,50149,10691381
"333","2013Dec03_21.RData",68562,13512687,54262,10745643
"334","2013Dec03_22.RData",81436,13594123,64675,10810318
"335","2013Dec03_23.RData",79895,13674018,63753,10874071
"336","2013Dec04_00.RData",76213,13750231,61662,10935733
"337","2013Dec04_01.RData",62752,13812983,51211,10986944
"338","2013Dec04_02.RData",38696,13851679,31765,11018709
"339","2013Dec04_03.RData",21134,13872813,17373,11036082
"340","2013Dec04_04.RData",9862,13882675,8213,11044295
"341","2013Dec04_05.RData",6290,13888965,5048,11049343
"342","2013Dec04_06.RData",10720,13899685,8284,11057627
"343","2013Dec04_07.RData",18996,13918681,14826,11072453
"344","2013Dec04_08.RData",27549,13946230,21736,11094189
"345","2013Dec04_09.RData",37554,13983784,29864,11124053
"346","2013Dec04_10.RData",48513,14032297,38767,11162820
"347","2013Dec04_11.RData",56750,14089047,44824,11207644
"348","2013Dec04_12.RData",59247,14148294,47133,11254777
"349","2013Dec04_13.RData",58878,14207172,46390,11301167
"350","2013Dec04_14.RData",59473,14266645,46736,11347903
"351","2013Dec04_15.RData",61156,14327801,48283,11396186
"352","2013Dec04_16.RData",63216,14391017,49573,11445759
"353","2013Dec04_17.RData",65953,14456970,51955,11497714
"354","2013Dec04_18.RData",68841,14525811,54160,11551874
"355","2013Dec04_19.RData",75664,14601475,59882,11611756
"356","2013Dec04_20.RData",77474,14678949,61187,11672943
"357","2013Dec04_21.RData",79546,14758495,62625,11735568
"358","2013Dec04_22.RData",79513,14838008,62888,11798456
"359","2013Dec04_23.RData",79551,14917559,63052,11861508
"360","2013Dec05_00.RData",78663,14996222,62806,11924314
"361","2013Dec05_01.RData",65123,15061345,52303,11976617
"362","2013Dec05_02.RData",38895,15100240,31713,12008330
"363","2013Dec05_03.RData",22371,15122611,18150,12026480
"364","2013Dec05_04.RData",10784,15133395,8837,12035317
"365","2013Dec05_05.RData",6960,15140355,5422,12040739
"366","2013Dec05_06.RData",10439,15150794,8315,12049054
"367","2013Dec05_07.RData",19105,15169899,15088,12064142
"368","2013Dec05_08.RData",27420,15197319,21444,12085586
"369","2013Dec05_09.RData",38475,15235794,30237,12115823
"370","2013Dec05_10.RData",49156,15284950,38725,12154548
"371","2013Dec05_11.RData",56176,15341126,44043,12198591
"372","2013Dec05_12.RData",58142,15399268,45780,12244371
"373","2013Dec05_13.RData",61256,15460524,47457,12291828
"374","2013Dec05_14.RData",60260,15520784,47482,12339310
"375","2013Dec05_15.RData",60931,15581715,48030,12387340
"376","2013Dec05_16.RData",61665,15643380,48546,12435886
"377","2013Dec05_17.RData",63505,15706885,50848,12486734
"378","2013Dec05_18.RData",68503,15775388,54333,12541067
"379","2013Dec05_19.RData",72222,15847610,57216,12598283
"380","2013Dec05_20.RData",74037,15921647,58881,12657164
"381","2013Dec05_21.RData",77777,15999424,61227,12718391
"382","2013Dec05_22.RData",77841,16077265,61531,12779922
"383","2013Dec05_23.RData",77868,16155133,62081,12842003
"384","2013Dec06_00.RData",77439,16232572,61950,12903953
"385","2013Dec06_01.RData",64032,16296604,51533,12955486
"386","2013Dec06_02.RData",40796,16337400,32388,12987874
"387","2013Dec06_03.RData",24701,16362101,19781,13007655
"388","2013Dec06_04.RData",12193,16374294,9896,13017551
"389","2013Dec06_05.RData",7908,16382202,6307,13023858
"390","2013Dec06_06.RData",11961,16394163,9230,13033088
"391","2013Dec06_07.RData",20885,16415048,15906,13048994
"392","2013Dec06_08.RData",30417,16445465,22909,13071903
"393","2013Dec06_09.RData",40815,16486280,31603,13103506
"394","2013Dec06_10.RData",53499,16539779,41442,13144948
"395","2013Dec06_11.RData",66215,16605994,51390,13196338
"396","2013Dec06_12.RData",70970,16676964,55112,13251450
"397","2013Dec06_13.RData",68389,16745353,53113,13304563
"398","2013Dec06_14.RData",64673,16810026,50102,13354665
"399","2013Dec06_15.RData",64563,16874589,50042,13404707
"400","2013Dec06_16.RData",64649,16939238,50106,13454813
"401","2013Dec06_17.RData",66063,17005301,51476,13506289
"402","2013Dec06_18.RData",68088,17073389,53352,13559641
"403","2013Dec06_19.RData",69364,17142753,54049,13613690
"404","2013Dec06_20.RData",72658,17215411,56658,13670348
"405","2013Dec06_21.RData",74375,17289786,58580,13728928
"406","2013Dec06_22.RData",75461,17365247,58996,13787924
"407","2013Dec06_23.RData",74722,17439969,59040,13846964
"408","2013Dec07_00.RData",72695,17512664,58091,13905055
"409","2013Dec07_01.RData",63112,17575776,51141,13956196
"410","2013Dec07_02.RData",45051,17620827,36386,13992582
"411","2013Dec07_03.RData",28653,17649480,23398,14015980
"412","2013Dec07_04.RData",16232,17665712,13246,14029226
"413","2013Dec07_05.RData",8381,17674093,6725,14035951
"414","2013Dec07_06.RData",6505,17680598,5031,14040982
"415","2013Dec07_07.RData",9047,17689645,6946,14047928
"416","2013Dec07_08.RData",17330,17706975,13291,14061219
"417","2013Dec07_09.RData",29797,17736772,23425,14084644
"418","2013Dec07_10.RData",44329,17781101,34930,14119574
"419","2013Dec07_11.RData",57699,17838800,45530,14165104
"420","2013Dec07_12.RData",65009,17903809,50986,14216090
"421","2013Dec07_13.RData",67773,17971582,53017,14269107
"422","2013Dec07_14.RData",66149,18037731,51720,14320827
"423","2013Dec07_15.RData",65409,18103140,51309,14372136
"424","2013Dec07_16.RData",64631,18167771,51336,14423472
"425","2013Dec07_17.RData",65348,18233119,51754,14475226
"426","2013Dec07_18.RData",66056,18299175,52340,14527566
"427","2013Dec07_19.RData",67500,18366675,53303,14580869
"428","2013Dec07_20.RData",69124,18435799,55064,14635933
"429","2013Dec07_21.RData",70367,18506166,55954,14691887
"430","2013Dec07_22.RData",73298,18579464,57905,14749792
"431","2013Dec07_23.RData",69764,18649228,55625,14805417
"432","2013Dec08_00.RData",75588,18724816,60570,14865987
"433","2013Dec08_01.RData",67528,18792344,54333,14920320
"434","2013Dec08_02.RData",53923,18846267,43835,14964155
"435","2013Dec08_03.RData",35431,18881698,28809,14992964
"436","2013Dec08_04.RData",20441,18902139,17176,15010140
"437","2013Dec08_05.RData",10860,18912999,8856,15018996
"438","2013Dec08_06.RData",6884,18919883,5404,15024400
"439","2013Dec08_07.RData",7324,18927207,5339,15029739
"440","2013Dec08_08.RData",12836,18940043,9839,15039578
"441","2013Dec08_09.RData",25004,18965047,19631,15059209
"442","2013Dec08_10.RData",41059,19006106,32602,15091811
"443","2013Dec08_11.RData",57075,19063181,45163,15136974
"444","2013Dec08_12.RData",64348,19127529,51279,15188253
"445","2013Dec08_13.RData",58531,19186060,46706,15234959
"446","2013Dec08_14.RData",61362,19247422,49010,15283969
"447","2013Dec08_15.RData",64606,19312028,51653,15335622
"448","2013Dec08_16.RData",64904,19376932,52052,15387674
"449","2013Dec08_17.RData",71397,19448329,56225,15443899
"450","2013Dec08_18.RData",51480,19499809,40973,15484872
"451","2013Dec08_19.RData",73777,19573586,58465,15543337
"452","2013Dec08_20.RData",75894,19649480,60350,15603687
"453","2013Dec08_21.RData",76258,19725738,60508,15664195
"454","2013Dec08_22.RData",78752,19804490,62225,15726420
"455","2013Dec08_23.RData",78316,19882806,62244,15788664
"456","2013Dec09_00.RData",77458,19960264,62232,15850896
"457","2013Dec09_01.RData",70851,20031115,57415,15908311
"458","2013Dec09_02.RData",47893,20079008,38943,15947254
"459","2013Dec09_03.RData",28071,20107079,22814,15970068
"460","2013Dec09_04.RData",14725,20121804,11767,15981835
"461","2013Dec09_05.RData",8332,20130136,6845,15988680
"462","2013Dec09_06.RData",10721,20140857,8697,15997377
"463","2013Dec09_07.RData",17169,20158026,13789,16011166
"464","2013Dec09_08.RData",26271,20184297,20971,16032137
"465","2013Dec09_09.RData",34452,20218749,27426,16059563
"466","2013Dec09_10.RData",45144,20263893,35831,16095394
"467","2013Dec09_11.RData",52615,20316508,41745,16137139
"468","2013Dec09_12.RData",57800,20374308,45371,16182510
"469","2013Dec09_13.RData",58665,20432973,46564,16229074
"470","2013Dec09_14.RData",59877,20492850,47461,16276535
"471","2013Dec09_15.RData",61432,20554282,48934,16325469
"472","2013Dec09_16.RData",63134,20617416,50403,16375872
"473","2013Dec09_17.RData",67436,20684852,53336,16429208
"474","2013Dec09_18.RData",73113,20757965,57774,16486982
"475","2013Dec09_19.RData",76086,20834051,59858,16546840
"476","2013Dec09_20.RData",77785,20911836,61427,16608267
"477","2013Dec09_21.RData",80187,20992023,63111,16671378
"478","2013Dec09_22.RData",81825,21073848,64237,16735615
"479","2013Dec09_23.RData",82328,21156176,64976,16800591
"480","2013Dec10_00.RData",79797,21235973,63716,16864307
"481","2013Dec10_01.RData",68077,21304050,54901,16919208
"482","2013Dec10_02.RData",44473,21348523,36407,16955615
"483","2013Dec10_03.RData",24871,21373394,20508,16976123
"484","2013Dec10_04.RData",13762,21387156,11170,16987293
"485","2013Dec10_05.RData",9353,21396509,7656,16994949
"486","2013Dec10_06.RData",16729,21413238,13416,17008365
"487","2013Dec10_07.RData",24364,21437602,19486,17027851
"488","2013Dec10_08.RData",32276,21469878,25511,17053362
"489","2013Dec10_09.RData",41795,21511673,33167,17086529
"490","2013Dec10_10.RData",52508,21564181,41716,17128245
"491","2013Dec10_11.RData",59730,21623911,47253,17175498
"492","2013Dec10_12.RData",60856,21684767,48032,17223530
"493","2013Dec10_13.RData",62484,21747251,48828,17272358
"494","2013Dec10_14.RData",60860,21808111,47575,17319933
"495","2013Dec10_15.RData",64139,21872250,50019,17369952
"496","2013Dec10_16.RData",62530,21934780,49265,17419217
"497","2013Dec10_17.RData",65022,21999802,51254,17470471
"498","2013Dec10_18.RData",70725,22070527,56014,17526485
"499","2013Dec10_19.RData",73552,22144079,57988,17584473
"500","2013Dec10_20.RData",74918,22218997,59282,17643755
"501","2013Dec10_21.RData",78604,22297601,61962,17705717
"502","2013Dec10_22.RData",70567,22368168,56690,17762407
"503","2013Dec10_23.RData",79002,22447170,62828,17825235
"504","2013Dec11_00.RData",76584,22523754,61899,17887134
"505","2013Dec11_01.RData",63869,22587623,52003,17939137
"506","2013Dec11_02.RData",40920,22628543,33435,17972572
"507","2013Dec11_03.RData",22673,22651216,18789,17991361
"508","2013Dec11_04.RData",11901,22663117,9844,18001205
"509","2013Dec11_05.RData",7859,22670976,6210,18007415
"510","2013Dec11_06.RData",11364,22682340,8778,18016193
"511","2013Dec11_07.RData",19510,22701850,15184,18031377
"512","2013Dec11_08.RData",27763,22729613,22023,18053400
"513","2013Dec11_09.RData",38250,22767863,30093,18083493
"514","2013Dec11_10.RData",47884,22815747,37850,18121343
"515","2013Dec11_11.RData",54304,22870051,43101,18164444
"516","2013Dec11_12.RData",59038,22929089,46460,18210904
"517","2013Dec11_13.RData",58687,22987776,46761,18257665
"518","2013Dec11_14.RData",59387,23047163,46916,18304581
"519","2013Dec11_15.RData",62471,23109634,49322,18353903
"520","2013Dec11_16.RData",63716,23173350,50471,18404374
"521","2013Dec11_17.RData",66638,23239988,53054,18457428
"522","2013Dec11_18.RData",70772,23310760,56100,18513528
"523","2013Dec11_19.RData",75144,23385904,59392,18572920
"524","2013Dec11_20.RData",78365,23464269,61268,18634188
"525","2013Dec11_21.RData",80697,23544966,63482,18697670
"526","2013Dec11_22.RData",80589,23625555,63242,18760912
"527","2013Dec11_23.RData",81887,23707442,64371,18825283
"528","2013Dec12_00.RData",77876,23785318,62226,18887509
"529","2013Dec12_01.RData",62396,23847714,50391,18937900
"530","2013Dec12_02.RData",39694,23887408,32497,18970397
"531","2013Dec12_03.RData",22581,23909989,18567,18988964
"532","2013Dec12_04.RData",12201,23922190,10033,18998997
"533","2013Dec12_05.RData",8124,23930314,6543,19005540
"534","2013Dec12_06.RData",11317,23941631,9003,19014543
"535","2013Dec12_07.RData",20380,23962011,15958,19030501
"536","2013Dec12_08.RData",29010,23991021,23033,19053534
"537","2013Dec12_09.RData",38157,24029178,30084,19083618
"538","2013Dec12_10.RData",47805,24076983,37975,19121593
"539","2013Dec12_11.RData",54060,24131043,42492,19164085
"540","2013Dec12_12.RData",57794,24188837,45451,19209536
"541","2013Dec12_13.RData",58859,24247696,45917,19255453
"542","2013Dec12_14.RData",51517,24299213,40292,19295745
"543","2013Dec12_15.RData",59934,24359147,47280,19343025
"544","2013Dec12_16.RData",57081,24416228,45287,19388312
"545","2013Dec12_17.RData",55694,24471922,44179,19432491
"546","2013Dec12_18.RData",67943,24539865,53968,19486459
"547","2013Dec12_19.RData",74756,24614621,58931,19545390
"548","2013Dec12_20.RData",76162,24690783,59845,19605235
"549","2013Dec12_21.RData",78023,24768806,61351,19666586
"550","2013Dec12_22.RData",77107,24845913,60830,19727416
"551","2013Dec12_23.RData",78060,24923973,62078,19789494
"552","2013Dec13_00.RData",74311,24998284,60034,19849528
"553","2013Dec13_01.RData",60509,25058793,48822,19898350
"554","2013Dec13_02.RData",37666,25096459,30876,19929226
"555","2013Dec13_03.RData",23078,25119537,18828,19948054
"556","2013Dec13_04.RData",13074,25132611,10658,19958712
"557","2013Dec13_05.RData",8545,25141156,6554,19965266
"558","2013Dec13_06.RData",12816,25153972,9345,19974611
"559","2013Dec13_07.RData",22528,25176500,16869,19991480
"560","2013Dec13_08.RData",31900,25208400,23941,20015421
"561","2013Dec13_09.RData",42534,25250934,32537,20047958
"562","2013Dec13_10.RData",51172,25302106,39230,20087188
"563","2013Dec13_11.RData",56878,25358984,43786,20130974
"564","2013Dec13_12.RData",60420,25419404,46475,20177449
"565","2013Dec13_13.RData",61180,25480584,46993,20224442
"566","2013Dec13_14.RData",60783,25541367,46636,20271078
"567","2013Dec13_15.RData",41496,25582863,32211,20303289
"568","2013Dec13_16.RData",63441,25646304,49649,20352938
"569","2013Dec13_17.RData",64442,25710746,50559,20403497
"570","2013Dec13_18.RData",64275,25775021,50407,20453904
"571","2013Dec13_19.RData",66426,25841447,52270,20506174
"572","2013Dec13_20.RData",66103,25907550,52575,20558749
"573","2013Dec13_21.RData",63518,25971068,50058,20608807
"574","2013Dec13_22.RData",40648,26011716,32226,20641033
"575","2013Dec13_23.RData",72034,26083750,57770,20698803
"576","2013Dec14_00.RData",68417,26152167,55173,20753976
"577","2013Dec14_01.RData",57402,26209569,46712,20800688
"578","2013Dec14_02.RData",40492,26250061,33144,20833832
"579","2013Dec14_03.RData",25407,26275468,21007,20854839
"580","2013Dec14_04.RData",14169,26289637,11757,20866596
"581","2013Dec14_05.RData",8189,26297826,6743,20873339
"582","2013Dec14_06.RData",7135,26304961,5663,20879002
"583","2013Dec14_07.RData",10288,26315249,8235,20887237
"584","2013Dec14_08.RData",16262,26331511,12858,20900095
"585","2013Dec14_09.RData",33593,26365104,26644,20926739
"586","2013Dec14_10.RData",48023,26413127,38761,20965500
"587","2013Dec14_11.RData",53456,26466583,42561,21008061
"588","2013Dec14_12.RData",64787,26531370,51761,21059822
"589","2013Dec14_13.RData",67041,26598411,53336,21113158
"590","2013Dec14_14.RData",22136,26620547,17653,21130811
"591","2013Dec14_17.RData",57267,26677814,45635,21176446
"592","2013Dec14_18.RData",65751,26743565,52343,21228789
"593","2013Dec14_19.RData",69977,26813542,55244,21284033
"594","2013Dec14_20.RData",70955,26884497,56521,21340554
"595","2013Dec14_21.RData",70333,26954830,55835,21396389
"596","2013Dec14_22.RData",72161,27026991,57699,21454088
"597","2013Dec14_23.RData",71628,27098619,57290,21511378
"598","2013Dec15_00.RData",72433,27171052,58397,21569775
"599","2013Dec15_01.RData",66621,27237673,53847,21623622
"600","2013Dec15_02.RData",49137,27286810,40422,21664044
"601","2013Dec15_03.RData",32735,27319545,26869,21690913
"602","2013Dec15_04.RData",17899,27337444,14780,21705693
"603","2013Dec15_05.RData",9641,27347085,7954,21713647
"604","2013Dec15_06.RData",6127,27353212,4824,21718471
"605","2013Dec15_07.RData",7494,27360706,5720,21724191
"606","2013Dec15_08.RData",14180,27374886,11164,21735355
"607","2013Dec15_09.RData",27520,27402406,21813,21757168
"608","2013Dec15_10.RData",42590,27444996,34111,21791279
"609","2013Dec15_11.RData",56452,27501448,44799,21836078
"610","2013Dec15_12.RData",66236,27567684,52347,21888425
"611","2013Dec15_13.RData",66369,27634053,52872,21941297
"612","2013Dec15_14.RData",67117,27701170,53280,21994577
"613","2013Dec15_15.RData",64065,27765235,51310,22045887
"614","2013Dec15_16.RData",66586,27831821,53269,22099156
"615","2013Dec15_17.RData",66996,27898817,53125,22152281
"616","2013Dec15_18.RData",69321,27968138,55271,22207552
"617","2013Dec15_19.RData",68527,28036665,54621,22262173
"618","2013Dec15_20.RData",75760,28112425,60293,22322466
"619","2013Dec15_21.RData",76619,28189044,60597,22383063
"620","2013Dec15_22.RData",78684,28267728,62329,22445392
"621","2013Dec15_23.RData",78290,28346018,62761,22508153
"622","2013Dec16_00.RData",74392,28420410,60186,22568339
"623","2013Dec16_01.RData",65436,28485846,52980,22621319
"624","2013Dec16_02.RData",43806,28529652,35411,22656730
"625","2013Dec16_03.RData",23571,28553223,19295,22676025
"626","2013Dec16_04.RData",12806,28566029,10064,22686089
"627","2013Dec16_05.RData",8954,28574983,6518,22692607
"628","2013Dec16_06.RData",11818,28586801,9086,22701693
"629","2013Dec16_07.RData",20205,28607006,15868,22717561
"630","2013Dec16_08.RData",27133,28634139,21412,22738973
"631","2013Dec16_09.RData",34640,28668779,27430,22766403
"632","2013Dec16_10.RData",43391,28712170,34227,22800630
"633","2013Dec16_11.RData",52170,28764340,40961,22841591
"634","2013Dec16_12.RData",55692,28820032,43648,22885239
"635","2013Dec16_13.RData",55049,28875081,43419,22928658
"636","2013Dec16_14.RData",57180,28932261,44734,22973392
"637","2013Dec16_15.RData",60288,28992549,47412,23020804
"638","2013Dec16_16.RData",62698,29055247,50023,23070827
"639","2013Dec16_17.RData",66483,29121730,53138,23123965
"640","2013Dec16_18.RData",69940,29191670,55650,23179615
"641","2013Dec16_19.RData",74366,29266036,59354,23238969
"642","2013Dec16_20.RData",77718,29343754,61547,23300516
"643","2013Dec16_21.RData",81489,29425243,62093,23362609
"644","2013Dec16_22.RData",82577,29507820,64744,23427353
"645","2013Dec16_23.RData",76479,29584299,60820,23488173
"646","2013Dec17_00.RData",77317,29661616,61802,23549975
"647","2013Dec17_01.RData",61741,29723357,49854,23599829
"648","2013Dec17_02.RData",38730,29762087,31691,23631520
"649","2013Dec17_03.RData",22982,29785069,18811,23650331
"650","2013Dec17_04.RData",12523,29797592,9961,23660292
"651","2013Dec17_05.RData",8033,29805625,6468,23666760
"652","2013Dec17_06.RData",12619,29818244,10246,23677006
"653","2013Dec17_07.RData",23354,29841598,18911,23695917
"654","2013Dec17_08.RData",29520,29871118,23461,23719378
"655","2013Dec17_09.RData",36945,29908063,29202,23748580
"656","2013Dec17_10.RData",47315,29955378,37868,23786448
"657","2013Dec17_11.RData",54888,30010266,43424,23829872
"658","2013Dec17_12.RData",59187,30069453,46704,23876576
"659","2013Dec17_13.RData",60026,30129479,47310,23923886
"660","2013Dec17_14.RData",63264,30192743,48017,23971903
"661","2013Dec17_15.RData",62588,30255331,49305,24021208
"662","2013Dec17_16.RData",64015,30319346,50775,24071983
"663","2013Dec17_17.RData",72534,30391880,53495,24125478
"664","2013Dec17_18.RData",69022,30460902,55245,24180723
"665","2013Dec17_19.RData",73671,30534573,58612,24239335
"666","2013Dec17_20.RData",74766,30609339,58972,24298307
"667","2013Dec17_21.RData",80172,30689511,62465,24360772
"668","2013Dec17_22.RData",80361,30769872,63356,24424128
"669","2013Dec17_23.RData",78322,30848194,62617,24486745
"670","2013Dec18_00.RData",75014,30923208,60728,24547473
"671","2013Dec18_01.RData",62417,30985625,50519,24597992
"672","2013Dec18_02.RData",38907,31024532,31522,24629514
"673","2013Dec18_03.RData",22763,31047295,18550,24648064
"674","2013Dec18_04.RData",12002,31059297,10008,24658072
"675","2013Dec18_05.RData",7454,31066751,6111,24664183
"676","2013Dec18_06.RData",11371,31078122,9124,24673307
"677","2013Dec18_07.RData",19075,31097197,15333,24688640
"678","2013Dec18_08.RData",27127,31124324,21700,24710340
"679","2013Dec18_09.RData",36983,31161307,29340,24739680
"680","2013Dec18_10.RData",46638,31207945,36739,24776419
"681","2013Dec18_11.RData",52094,31260039,41484,24817903
"682","2013Dec18_12.RData",58090,31318129,45743,24863646
"683","2013Dec18_13.RData",58027,31376156,46142,24909788
"684","2013Dec18_14.RData",58636,31434792,46235,24956023
"685","2013Dec18_15.RData",59929,31494721,47260,25003283
"686","2013Dec18_16.RData",59844,31554565,47894,25051177
"687","2013Dec18_17.RData",64125,31618690,50957,25102134
"688","2013Dec18_18.RData",69270,31687960,54242,25156376
"689","2013Dec18_19.RData",71212,31759172,56643,25213019
"690","2013Dec18_20.RData",75125,31834297,59517,25272536
"691","2013Dec18_21.RData",76153,31910450,60421,25332957
"692","2013Dec18_22.RData",80164,31990614,63050,25396007
"693","2013Dec18_23.RData",79787,32070401,63255,25459262
"694","2013Dec19_00.RData",75462,32145863,60708,25519970
"695","2013Dec19_01.RData",59188,32205051,47948,25567918
"696","2013Dec19_02.RData",38119,32243170,31052,25598970
"697","2013Dec19_03.RData",22343,32265513,18311,25617281
"698","2013Dec19_04.RData",11749,32277262,9739,25627020
"699","2013Dec19_05.RData",7362,32284624,6079,25633099
"700","2013Dec19_06.RData",10682,32295306,8411,25641510
"701","2013Dec19_07.RData",20188,32315494,15916,25657426
"702","2013Dec19_08.RData",27374,32342868,21763,25679189
"703","2013Dec19_09.RData",36872,32379740,29291,25708480
"704","2013Dec19_10.RData",46127,32425867,36727,25745207
"705","2013Dec19_11.RData",52188,32478055,41433,25786640
"706","2013Dec19_12.RData",56605,32534660,44874,25831514
"707","2013Dec19_13.RData",57474,32592134,45308,25876822
"708","2013Dec19_14.RData",57454,32649588,45488,25922310
"709","2013Dec19_15.RData",58849,32708437,46853,25969163
"710","2013Dec19_16.RData",17862,32726299,14363,25983526
"711","2013Dec19_17.RData",61870,32788169,49219,26032745
"712","2013Dec19_18.RData",65391,32853560,51947,26084692
"713","2013Dec19_19.RData",69036,32922596,54804,26139496
"714","2013Dec19_20.RData",73759,32996355,58386,26197882
"715","2013Dec19_21.RData",76734,33073089,60634,26258516
"716","2013Dec19_22.RData",79352,33152441,62614,26321130
"717","2013Dec19_23.RData",76985,33229426,61195,26382325
"718","2013Dec20_00.RData",73848,33303274,59334,26441659
"719","2013Dec20_01.RData",59878,33363152,48696,26490355
"720","2013Dec20_02.RData",38730,33401882,31679,26522034
"721","2013Dec20_03.RData",23851,33425733,19357,26541391
"722","2013Dec20_04.RData",13004,33438737,10776,26552167
"723","2013Dec20_05.RData",8957,33447694,7109,26559276
"724","2013Dec20_06.RData",12816,33460510,9822,26569098
"725","2013Dec20_07.RData",20963,33481473,16139,26585237
"726","2013Dec20_08.RData",29345,33510818,22354,26607591
"727","2013Dec20_09.RData",41205,33552023,31646,26639237
"728","2013Dec20_10.RData",51503,33603526,39907,26679144
"729","2013Dec20_11.RData",57492,33661018,44992,26724136
"730","2013Dec20_12.RData",62670,33723688,48567,26772703
"731","2013Dec20_13.RData",61739,33785427,48109,26820812
"732","2013Dec20_14.RData",60589,33846016,47414,26868226
"733","2013Dec20_15.RData",61217,33907233,47443,26915669
"734","2013Dec20_16.RData",59081,33966314,46692,26962361
"735","2013Dec20_17.RData",31617,33997931,24987,26987348
"736","2013Dec20_18.RData",60115,34058046,47632,27034980
"737","2013Dec20_19.RData",61237,34119283,48306,27083286
"738","2013Dec20_20.RData",64858,34184141,50887,27134173
"739","2013Dec20_21.RData",68982,34253123,54196,27188369
"740","2013Dec20_22.RData",71961,34325084,56155,27244524
"741","2013Dec20_23.RData",72128,34397212,57433,27301957
"742","2013Dec21_00.RData",69738,34466950,55909,27357866
"743","2013Dec21_01.RData",58604,34525554,47435,27405301
"744","2013Dec21_02.RData",41499,34567053,34101,27439402
"745","2013Dec21_03.RData",27403,34594456,22667,27462069
"746","2013Dec21_04.RData",15470,34609926,12907,27474976
"747","2013Dec21_05.RData",8758,34618684,7104,27482080
"748","2013Dec21_06.RData",6605,34625289,5319,27487399
"749","2013Dec21_07.RData",8947,34634236,7128,27494527
"750","2013Dec21_08.RData",17045,34651281,13563,27508090
"751","2013Dec21_09.RData",29976,34681257,24068,27532158
"752","2013Dec21_10.RData",44409,34725666,35526,27567684
"753","2013Dec21_11.RData",56639,34782305,45417,27613101
"754","2013Dec21_12.RData",61580,34843885,49151,27662252
"755","2013Dec21_13.RData",62804,34906689,50035,27712287
"756","2013Dec21_14.RData",61228,34967917,48693,27760980
"757","2013Dec21_15.RData",58695,35026612,46561,27807541
"758","2013Dec21_16.RData",57954,35084566,45978,27853519
"759","2013Dec21_17.RData",57829,35142395,46336,27899855
"760","2013Dec21_18.RData",60907,35203302,48533,27948388
"761","2013Dec21_19.RData",62402,35265704,49914,27998302
"762","2013Dec21_20.RData",66115,35331819,52778,28051080
"763","2013Dec21_21.RData",68415,35400234,54125,28105205
"764","2013Dec21_22.RData",71617,35471851,57132,28162337
"765","2013Dec21_23.RData",70292,35542143,56034,28218371
"766","2013Dec22_00.RData",70692,35612835,56867,28275238
"767","2013Dec22_01.RData",63317,35676152,51674,28326912
"768","2013Dec22_02.RData",48663,35724815,39688,28366600
"769","2013Dec22_03.RData",31398,35756213,25988,28392588
"770","2013Dec22_04.RData",17881,35774094,14708,28407296
"771","2013Dec22_05.RData",9626,35783720,7918,28415214
"772","2013Dec22_06.RData",6327,35790047,5112,28420326
"773","2013Dec22_07.RData",7460,35797507,5886,28426212
"774","2013Dec22_08.RData",13283,35810790,10527,28436739
"775","2013Dec22_09.RData",25894,35836684,20778,28457517
"776","2013Dec22_10.RData",41430,35878114,33103,28490620
"777","2013Dec22_11.RData",53709,35931823,42576,28533196
"778","2013Dec22_12.RData",62619,35994442,49596,28582792
"779","2013Dec22_13.RData",64586,36059028,51173,28633965
"780","2013Dec22_14.RData",64369,36123397,51069,28685034
"781","2013Dec22_15.RData",63095,36186492,50147,28735181
"782","2013Dec22_16.RData",64999,36251491,51667,28786848
"783","2013Dec22_17.RData",63937,36315428,50414,28837262
"784","2013Dec22_18.RData",65272,36380700,51779,28889041
"785","2013Dec22_19.RData",65417,36446117,52673,28941714
"786","2013Dec22_20.RData",70833,36516950,57016,28998730
"787","2013Dec22_21.RData",73666,36590616,58765,29057495
"788","2013Dec22_22.RData",74212,36664828,59571,29117066
"789","2013Dec22_23.RData",74071,36738899,59601,29176667
"790","2013Dec23_00.RData",73501,36812400,59484,29236151
"791","2013Dec23_01.RData",69662,36882062,56040,29292191
"792","2013Dec23_02.RData",52008,36934070,42617,29334808
"793","2013Dec23_03.RData",31439,36965509,25521,29360329
"794","2013Dec23_04.RData",16914,36982423,13783,29374112
"795","2013Dec23_05.RData",8584,36991007,7195,29381307
"796","2013Dec23_06.RData",7907,36998914,5741,29387048
"797","2013Dec23_07.RData",9769,37008683,7310,29394358
"798","2013Dec23_08.RData",16839,37025522,13187,29407545
"799","2013Dec23_09.RData",27841,37053363,22257,29429802
"800","2013Dec23_10.RData",43418,37096781,34758,29464560
"801","2013Dec23_11.RData",55381,37152162,44744,29509304
"802","2013Dec23_12.RData",62974,37215136,50356,29559660
"803","2013Dec23_13.RData",64709,37279845,51789,29611449
"804","2013Dec23_14.RData",65015,37344860,51694,29663143
"805","2013Dec23_15.RData",61322,37406182,48502,29711645
"806","2013Dec23_16.RData",63926,37470108,50495,29762140
"807","2013Dec23_17.RData",63127,37533235,49862,29812002
"808","2013Dec23_18.RData",65120,37598355,51913,29863915
"809","2013Dec23_19.RData",65944,37664299,52890,29916805
"810","2013Dec23_20.RData",68877,37733176,54992,29971797
"811","2013Dec23_21.RData",71022,37804198,56801,30028598
"812","2013Dec23_22.RData",74235,37878433,58950,30087548
"813","2013Dec23_23.RData",73202,37951635,58540,30146088
"814","2013Dec24_00.RData",75398,38027033,60794,30206882
"815","2013Dec24_01.RData",71362,38098395,57967,30264849
"816","2013Dec24_02.RData",59656,38158051,48831,30313680
"817","2013Dec24_03.RData",39232,38197283,32409,30346089
"818","2013Dec24_04.RData",20176,38217459,16850,30362939
"819","2013Dec24_05.RData",10085,38227544,8409,30371348
"820","2013Dec24_06.RData",8658,38236202,6775,30378123
"821","2013Dec24_07.RData",10492,38246694,7961,30386084
"822","2013Dec24_08.RData",17161,38263855,13285,30399369
"823","2013Dec24_09.RData",30615,38294470,24340,30423709
"824","2013Dec24_10.RData",47394,38341864,37515,30461224
"825","2013Dec24_11.RData",60693,38402557,48439,30509663
"826","2013Dec24_12.RData",66266,38468823,52703,30562366
"827","2013Dec24_13.RData",66384,38535207,52267,30614633
"828","2013Dec24_14.RData",67097,38602304,52614,30667247
"829","2013Dec24_15.RData",63087,38665391,49922,30717169
"830","2013Dec24_16.RData",61081,38726472,48457,30765626
"831","2013Dec24_17.RData",60755,38787227,48490,30814116
"832","2013Dec24_18.RData",62756,38849983,50116,30864232
"833","2013Dec24_19.RData",65338,38915321,52052,30916284
"834","2013Dec24_20.RData",66492,38981813,53567,30969851
"835","2013Dec24_21.RData",70783,39052596,56949,31026800
"836","2013Dec24_22.RData",74536,39127132,60402,31087202
"837","2013Dec24_23.RData",73960,39201092,59648,31146850
"838","2013Dec25_00.RData",70655,39271747,57290,31204140
"839","2013Dec25_01.RData",68068,39339815,55783,31259923
"840","2013Dec25_02.RData",55030,39394845,45591,31305514
"841","2013Dec25_03.RData",36272,39431117,29855,31335369
"842","2013Dec25_04.RData",19033,39450150,15933,31351302
"843","2013Dec25_05.RData",10816,39460966,8935,31360237
"844","2013Dec25_06.RData",7771,39468737,6297,31366534
"845","2013Dec25_07.RData",11112,39479849,8629,31375163
"846","2013Dec25_08.RData",20897,39500746,16484,31391647
"847","2013Dec25_09.RData",36542,39537288,28521,31420168
"848","2013Dec25_10.RData",52314,39589602,40915,31461083
"849","2013Dec25_11.RData",61256,39650858,48066,31509149
"850","2013Dec25_12.RData",65229,39716087,51225,31560374
"851","2013Dec25_13.RData",63730,39779817,50516,31610890
"852","2013Dec25_14.RData",63735,39843552,50869,31661759
"853","2013Dec25_15.RData",61848,39905400,49352,31711111
"854","2013Dec25_16.RData",59705,39965105,47509,31758620
"855","2013Dec25_17.RData",60059,40025164,48354,31806974
"856","2013Dec25_18.RData",62886,40088050,50475,31857449
"857","2013Dec25_19.RData",65308,40153358,52785,31910234
"858","2013Dec25_20.RData",68822,40222180,55327,31965561
"859","2013Dec25_21.RData",71069,40293249,57130,32022691
"860","2013Dec25_22.RData",71018,40364267,57529,32080220
"861","2013Dec25_23.RData",72742,40437009,58627,32138847
"862","2013Dec26_00.RData",72226,40509235,58525,32197372
"863","2013Dec26_01.RData",64989,40574224,53672,32251044
"864","2013Dec26_02.RData",50232,40624456,41420,32292464
"865","2013Dec26_03.RData",32319,40656775,27055,32319519
"866","2013Dec26_04.RData",17010,40673785,14245,32333764
"867","2013Dec26_05.RData",8231,40682016,6979,32340743
"868","2013Dec26_06.RData",5615,40687631,4506,32345249
"869","2013Dec26_07.RData",7457,40695088,5782,32351031
"870","2013Dec26_08.RData",11976,40707064,9560,32360591
"871","2013Dec26_09.RData",20711,40727775,16893,32377484
"872","2013Dec26_10.RData",36663,40764438,29185,32406669
"873","2013Dec26_11.RData",49514,40813952,40019,32446688
"874","2013Dec26_12.RData",55833,40869785,44916,32491604
"875","2013Dec26_13.RData",64634,40934419,52251,32543855
"876","2013Dec26_14.RData",61943,40996362,49471,32593326
"877","2013Dec26_15.RData",59502,41055864,47236,32640562
"878","2013Dec26_16.RData",58164,41114028,46141,32686703
"879","2013Dec26_17.RData",58272,41172300,46527,32733230
"880","2013Dec26_18.RData",62942,41235242,50144,32783374
"881","2013Dec26_19.RData",65626,41300868,52145,32835519
"882","2013Dec26_20.RData",70717,41371585,56245,32891764
"883","2013Dec26_21.RData",72022,41443607,57386,32949150
"884","2013Dec26_22.RData",55513,41499120,43965,32993115
"885","2013Dec26_23.RData",76018,41575138,60327,33053442
"886","2013Dec27_00.RData",77263,41652401,62315,33115757
"887","2013Dec27_01.RData",73701,41726102,59888,33175645
"888","2013Dec27_02.RData",65031,41791133,52966,33228611
"889","2013Dec27_03.RData",46867,41838000,37989,33266600
"890","2013Dec27_04.RData",28070,41866070,22694,33289294
"891","2013Dec27_05.RData",14786,41880856,12011,33301305
"892","2013Dec27_06.RData",9266,41890122,7185,33308490
"893","2013Dec27_07.RData",10165,41900287,7707,33316197
"894","2013Dec27_08.RData",15839,41916126,11978,33328175
"895","2013Dec27_09.RData",27244,41943370,20914,33349089
"896","2013Dec27_10.RData",42323,41985693,33119,33382208
"897","2013Dec27_11.RData",57671,42043364,45376,33427584
"898","2013Dec27_12.RData",66714,42110078,51691,33479275
"899","2013Dec27_13.RData",68875,42178953,54226,33533501
"900","2013Dec27_14.RData",67907,42246860,53419,33586920
"901","2013Dec27_15.RData",64866,42311726,51361,33638281
"902","2013Dec27_16.RData",65327,42377053,51447,33689728
"903","2013Dec27_17.RData",63629,42440682,50099,33739827
"904","2013Dec27_18.RData",65918,42506600,51586,33791413
"905","2013Dec27_19.RData",68007,42574607,52967,33844380
"906","2013Dec27_20.RData",71119,42645726,55597,33899977
"907","2013Dec27_21.RData",73421,42719147,57962,33957939
"908","2013Dec27_22.RData",74682,42793829,58726,34016665
"909","2013Dec27_23.RData",73643,42867472,59030,34075695
"910","2013Dec28_00.RData",75707,42943179,60565,34136260
"911","2013Dec28_01.RData",71067,43014246,58421,34194681
"912","2013Dec28_02.RData",65272,43079518,53260,34247941
"913","2013Dec28_03.RData",49144,43128662,40576,34288517
"914","2013Dec28_04.RData",28519,43157181,23636,34312153
"915","2013Dec28_05.RData",15253,43172434,12555,34324708
"916","2013Dec28_06.RData",8896,43181330,7209,34331917
"917","2013Dec28_07.RData",8281,43189611,6549,34338466
"918","2013Dec28_08.RData",13989,43203600,10706,34349172
"919","2013Dec28_09.RData",24952,43228552,19198,34368370
"920","2013Dec28_10.RData",39998,43268550,31809,34400179
"921","2013Dec28_11.RData",55862,43324412,44340,34444519
"922","2013Dec28_12.RData",65018,43389430,51596,34496115
"923","2013Dec28_13.RData",68342,43457772,54390,34550505
"924","2013Dec28_14.RData",67731,43525503,53783,34604288
"925","2013Dec28_15.RData",66030,43591533,51862,34656150
"926","2013Dec28_16.RData",65363,43656896,51755,34707905
"927","2013Dec28_17.RData",66220,43723116,52285,34760190
"928","2013Dec28_18.RData",66911,43790027,53011,34813201
"929","2013Dec28_19.RData",68939,43858966,54743,34867944
"930","2013Dec28_20.RData",69997,43928963,55694,34923638
"931","2013Dec28_21.RData",73354,44002317,58259,34981897
"932","2013Dec28_22.RData",75209,44077526,59249,35041146
"933","2013Dec28_23.RData",73102,44150628,58279,35099425
"934","2013Dec29_00.RData",72279,44222907,58331,35157756
"935","2013Dec29_01.RData",73108,44296015,59275,35217031
"936","2013Dec29_02.RData",67908,44363923,55117,35272148
"937","2013Dec29_03.RData",49422,44413345,40581,35312729
"938","2013Dec29_04.RData",29480,44442825,23903,35336632
"939","2013Dec29_05.RData",15544,44458369,13007,35349639
"940","2013Dec29_06.RData",9124,44467493,7377,35357016
"941","2013Dec29_07.RData",7412,44474905,5709,35362725
"942","2013Dec29_08.RData",11089,44485994,8628,35371353
"943","2013Dec29_09.RData",20289,44506283,15979,35387332
"944","2013Dec29_10.RData",35501,44541784,28062,35415394
"945","2013Dec29_11.RData",54208,44595992,42655,35458049
"946","2013Dec29_12.RData",66480,44662472,52785,35510834
"947","2013Dec29_13.RData",69214,44731686,54954,35565788
"948","2013Dec29_14.RData",71172,44802858,56426,35622214
"949","2013Dec29_15.RData",69674,44872532,55215,35677429
"950","2013Dec29_16.RData",68311,44940843,54596,35732025
"951","2013Dec29_17.RData",69158,45010001,55070,35787095
"952","2013Dec29_18.RData",76136,45086137,56307,35843402
"953","2013Dec29_19.RData",81328,45167465,55693,35899095
"954","2013Dec29_20.RData",77157,45244622,59191,35958286
"955","2013Dec29_21.RData",75533,45320155,59385,36017671
"956","2013Dec29_22.RData",74779,45394934,59388,36077059
"957","2013Dec29_23.RData",75600,45470534,60201,36137260
"958","2013Dec30_00.RData",79434,45549968,63833,36201093
"959","2013Dec30_01.RData",77994,45627962,62743,36263836
"960","2013Dec30_02.RData",70080,45698042,56989,36320825
"961","2013Dec30_03.RData",53733,45751775,43647,36364472
"962","2013Dec30_04.RData",33211,45784986,27075,36391547
"963","2013Dec30_05.RData",16284,45801270,13233,36404780
"964","2013Dec30_06.RData",10065,45811335,8138,36412918
"965","2013Dec30_07.RData",9876,45821211,7608,36420526
"966","2013Dec30_08.RData",15027,45836238,11359,36431885
"967","2013Dec30_09.RData",24732,45860970,19324,36451209
"968","2013Dec30_10.RData",38724,45899694,30593,36481802
"969","2013Dec30_11.RData",55145,45954839,43570,36525372
"970","2013Dec30_12.RData",65599,46020438,52394,36577766
"971","2013Dec30_13.RData",68569,46089007,54580,36632346
"972","2013Dec30_14.RData",69961,46158968,55420,36687766
"973","2013Dec30_15.RData",69241,46228209,54747,36742513
"974","2013Dec30_16.RData",68226,46296435,53806,36796319
"975","2013Dec30_17.RData",69031,46365466,54343,36850662
"976","2013Dec30_18.RData",70153,46435619,55322,36905984
"977","2013Dec30_19.RData",72355,46507974,57480,36963464
"978","2013Dec30_20.RData",74898,46582872,59070,37022534
"979","2013Dec30_21.RData",77705,46660577,61402,37083936
"980","2013Dec30_22.RData",78667,46739244,61175,37145111
"981","2013Dec30_23.RData",77447,46816691,61293,37206404
"982","2013Dec31_00.RData",78799,46895490,63118,37269522
"983","2013Dec31_01.RData",77899,46973389,62407,37331929
"984","2013Dec31_02.RData",71727,47045116,57953,37389882
"985","2013Dec31_03.RData",55373,47100489,45317,37435199
"986","2013Dec31_04.RData",34923,47135412,28372,37463571
"987","2013Dec31_05.RData",18690,47154102,15164,37478735
"988","2013Dec31_06.RData",11819,47165921,9206,37487941
"989","2013Dec31_07.RData",11016,47176937,8373,37496314
"990","2013Dec31_08.RData",17071,47194008,12631,37508945
"991","2013Dec31_09.RData",27203,47221211,20990,37529935
"992","2013Dec31_10.RData",43007,47264218,33289,37563224
"993","2013Dec31_11.RData",60353,47324571,46828,37610052
"994","2013Dec31_12.RData",70637,47395208,54741,37664793
"995","2013Dec31_13.RData",72931,47468139,56620,37721413
"996","2013Dec31_14.RData",73684,47541823,56847,37778260
"997","2013Dec31_15.RData",73169,47614992,56316,37834576
"998","2013Dec31_16.RData",70452,47685444,54352,37888928
"999","2013Dec31_17.RData",71407,47756851,55598,37944526
"1000","2013Dec31_18.RData",71348,47828199,55001,37999527
"1001","2013Dec31_19.RData",71157,47899356,54896,38054423
"1002","2013Dec31_20.RData",68810,47968166,53181,38107604
"1003","2013Dec31_21.RData",66894,48035060,52056,38159660
"1004","2013Dec31_22.RData",67289,48102349,52177,38211837
"1005","2013Dec31_23.RData",61243,48163592,47719,38259556
"1006","2014Jan01_00.RData",57987,48221579,45503,38305059
"1007","2014Jan01_01.RData",61638,48283217,48811,38353870
"1008","2014Jan01_02.RData",60373,48343590,48496,38402366
"1009","2014Jan01_03.RData",52418,48396008,42406,38444772
"1010","2014Jan01_04.RData",37335,48433343,30758,38475530
"1011","2014Jan01_05.RData",21852,48455195,18104,38493634
"1012","2014Jan01_06.RData",12907,48468102,10489,38504123
"1013","2014Jan01_07.RData",8261,48476363,6309,38510432
"1014","2014Jan01_08.RData",9867,48486230,7432,38517864
"1015","2014Jan01_09.RData",17946,48504176,13557,38531421
"1016","2014Jan01_10.RData",32193,48536369,25060,38556481
"1017","2014Jan01_11.RData",52113,48588482,41249,38597730
"1018","2014Jan01_12.RData",65236,48653718,51420,38649150
"1019","2014Jan01_13.RData",69710,48723428,55036,38704186
"1020","2014Jan01_14.RData",71702,48795130,56181,38760367
"1021","2014Jan01_15.RData",68790,48863920,54279,38814646
"1022","2014Jan01_16.RData",67797,48931717,53488,38868134
"1023","2014Jan01_17.RData",69111,49000828,54775,38922909
"1024","2014Jan01_18.RData",71637,49072465,56620,38979529
"1025","2014Jan01_19.RData",71888,49144353,57163,39036692
"1026","2014Jan01_20.RData",70278,49214631,56021,39092713
"1027","2014Jan01_21.RData",75452,49290083,60015,39152728
"1028","2014Jan01_22.RData",75736,49365819,60614,39213342
"1029","2014Jan01_23.RData",76713,49442532,61598,39274940
"1030","2014Jan02_00.RData",76631,49519163,61974,39336914
"1031","2014Jan02_01.RData",75065,49594228,61147,39398061
"1032","2014Jan02_02.RData",68478,49662706,55542,39453603
"1033","2014Jan02_03.RData",50925,49713631,42059,39495662
"1034","2014Jan02_04.RData",32556,49746187,26771,39522433
"1035","2014Jan02_05.RData",18255,49764442,15203,39537636
"1036","2014Jan02_06.RData",13984,49778426,11501,39549137
"1037","2014Jan02_07.RData",13608,49792034,10947,39560084
"1038","2014Jan02_08.RData",16590,49808624,12852,39572936
"1039","2014Jan02_09.RData",22900,49831524,18227,39591163
"1040","2014Jan02_10.RData",34172,49865696,27391,39618554
"1041","2014Jan02_11.RData",47034,49912730,37960,39656514
"1042","2014Jan02_12.RData",57449,49970179,46024,39702538
"1043","2014Jan02_13.RData",63533,50033712,50526,39753064
"1044","2014Jan02_14.RData",66833,50100545,53070,39806134
"1045","2014Jan02_15.RData",68654,50169199,54720,39860854
"1046","2014Jan02_16.RData",69779,50238978,55050,39915904
"1047","2014Jan02_17.RData",70708,50309686,56343,39972247
"1048","2014Jan02_18.RData",73869,50383555,58253,40030500
"1049","2014Jan02_19.RData",74763,50458318,59383,40089883
"1050","2014Jan02_20.RData",74308,50532626,58920,40148803
"1051","2014Jan02_21.RData",77778,50610404,61277,40210080
"1052","2014Jan02_22.RData",77878,50688282,61761,40271841
"1053","2014Jan02_23.RData",79259,50767541,62964,40334805
"1054","2014Jan03_00.RData",76769,50844310,61993,40396798
"1055","2014Jan03_01.RData",79910,50924220,63977,40460775
"1056","2014Jan03_02.RData",76584,51000804,60514,40521289
"1057","2014Jan03_03.RData",56502,51057306,45719,40567008
"1058","2014Jan03_04.RData",35473,51092779,28878,40595886
"1059","2014Jan03_05.RData",21685,51114464,17566,40613452
"1060","2014Jan03_06.RData",14530,51128994,11467,40624919
"1061","2014Jan03_07.RData",13367,51142361,10163,40635082
"1062","2014Jan03_08.RData",18155,51160516,13727,40648809
"1063","2014Jan03_09.RData",27052,51187568,20365,40669174
"1064","2014Jan03_10.RData",41244,51228812,32028,40701202
"1065","2014Jan03_11.RData",57620,51286432,44876,40746078
"1066","2014Jan03_12.RData",68889,51355321,53578,40799656
"1067","2014Jan03_13.RData",72966,51428287,56678,40856334
"1068","2014Jan03_14.RData",71807,51500094,55852,40912186
"1069","2014Jan03_15.RData",50561,51550655,39594,40951780
"1070","2014Jan03_16.RData",68863,51619518,54089,41005869
"1071","2014Jan03_17.RData",69549,51689067,54585,41060454
"1072","2014Jan03_18.RData",71646,51760713,56549,41117003
"1073","2014Jan03_19.RData",75045,51835758,58893,41175896
"1074","2014Jan03_20.RData",73632,51909390,58187,41234083
"1075","2014Jan03_21.RData",75803,51985193,59556,41293639
"1076","2014Jan03_22.RData",77726,52062919,61005,41354644
"1077","2014Jan03_23.RData",75509,52138428,60059,41414703
"1078","2014Jan04_00.RData",74454,52212882,60139,41474842
"1079","2014Jan04_01.RData",76864,52289746,62071,41536913
"1080","2014Jan04_02.RData",72373,52362119,59088,41596001
"1081","2014Jan04_03.RData",59397,52421516,48886,41644887
"1082","2014Jan04_04.RData",38347,52459863,31421,41676308
"1083","2014Jan04_05.RData",20141,52480004,16664,41692972
"1084","2014Jan04_06.RData",11045,52491049,9384,41702356
"1085","2014Jan04_07.RData",9711,52500760,7842,41710198
"1086","2014Jan04_08.RData",14308,52515068,11097,41721295
"1087","2014Jan04_09.RData",25134,52540202,19558,41740853
"1088","2014Jan04_10.RData",39198,52579400,30763,41771616
"1089","2014Jan04_11.RData",53576,52632976,42497,41814113
"1090","2014Jan04_12.RData",65113,52698089,51622,41865735
"1091","2014Jan04_13.RData",68669,52766758,54938,41920673
"1092","2014Jan04_14.RData",69720,52836478,55364,41976037
"1093","2014Jan04_15.RData",69754,52906232,55232,42031269
"1094","2014Jan04_16.RData",69914,52976146,55850,42087119
"1095","2014Jan04_17.RData",70569,53046715,56109,42143228
"1096","2014Jan04_18.RData",72542,53119257,57269,42200497
"1097","2014Jan04_19.RData",69670,53188927,55515,42256012
"1098","2014Jan04_20.RData",68050,53256977,54229,42310241
"1099","2014Jan04_21.RData",74360,53331337,58835,42369076
"1100","2014Jan04_22.RData",75796,53407133,59582,42428658
"1101","2014Jan04_23.RData",76040,53483173,60442,42489100
"1102","2014Jan05_00.RData",78863,53562036,63332,42552432
"1103","2014Jan05_01.RData",76906,53638942,61952,42614384
"1104","2014Jan05_02.RData",72089,53711031,58810,42673194
"1105","2014Jan05_03.RData",60885,53771916,49435,42722629
"1106","2014Jan05_04.RData",38354,53810270,31815,42754444
"1107","2014Jan05_05.RData",22306,53832576,18426,42772870
"1108","2014Jan05_06.RData",11717,53844293,9468,42782338
"1109","2014Jan05_07.RData",9191,53853484,7292,42789630
"1110","2014Jan05_08.RData",11950,53865434,9231,42798861
"1111","2014Jan05_09.RData",20270,53885704,15944,42814805
"1112","2014Jan05_10.RData",35032,53920736,27504,42842309
"1113","2014Jan05_11.RData",52757,53973493,41726,42884035
"1114","2014Jan05_12.RData",67053,54040546,53326,42937361
"1115","2014Jan05_13.RData",72020,54112566,57508,42994869
"1116","2014Jan05_14.RData",73799,54186365,58523,43053392
"1117","2014Jan05_15.RData",71922,54258287,57390,43110782
"1118","2014Jan05_16.RData",73282,54331569,58004,43168786
"1119","2014Jan05_17.RData",72541,54404110,57857,43226643
"1120","2014Jan05_18.RData",74306,54478416,59387,43286030
"1121","2014Jan05_19.RData",73079,54551495,58500,43344530
"1122","2014Jan05_20.RData",80152,54631647,63612,43408142
"1123","2014Jan05_21.RData",78335,54709982,62519,43470661
"1124","2014Jan05_22.RData",81108,54791090,64894,43535555
"1125","2014Jan05_23.RData",80239,54871329,64301,43599856
"1126","2014Jan06_00.RData",76881,54948210,62612,43662468
"1127","2014Jan06_01.RData",79424,55027634,64537,43727005
"1128","2014Jan06_02.RData",75372,55103006,60896,43787901
"1129","2014Jan06_03.RData",56347,55159353,45978,43833879
"1130","2014Jan06_04.RData",33038,55192391,27113,43860992
"1131","2014Jan06_05.RData",19205,55211596,15449,43876441
"1132","2014Jan06_06.RData",15336,55226932,12658,43889099
"1133","2014Jan06_07.RData",18356,55245288,14940,43904039
"1134","2014Jan06_08.RData",21945,55267233,17653,43921692
"1135","2014Jan06_09.RData",30176,55297409,24307,43945999
"1136","2014Jan06_10.RData",41894,55339303,33763,43979762
"1137","2014Jan06_11.RData",54723,55394026,44118,44023880
"1138","2014Jan06_12.RData",67030,55461056,53798,44077678
"1139","2014Jan06_13.RData",72125,55533181,57962,44135640
"1140","2014Jan06_14.RData",72309,55605490,58066,44193706
"1141","2014Jan06_15.RData",73481,55678971,58603,44252309
"1142","2014Jan06_16.RData",73061,55752032,58416,44310725
"1143","2014Jan06_17.RData",74288,55826320,58649,44369374
"1144","2014Jan06_18.RData",74097,55900417,59346,44428720
"1145","2014Jan06_19.RData",76926,55977343,61268,44489988
"1146","2014Jan06_20.RData",72204,56049547,57854,44547842
"1147","2014Jan06_21.RData",73849,56123396,58827,44606669
"1148","2014Jan06_22.RData",81612,56205008,64213,44670882
"1149","2014Jan06_23.RData",68545,56273553,54949,44725831
"1150","2014Jan07_00.RData",78751,56352304,63499,44789330
"1151","2014Jan07_01.RData",80439,56432743,64147,44853477
"1152","2014Jan07_02.RData",69411,56502154,55883,44909360
"1153","2014Jan07_03.RData",44099,56546253,36176,44945536
"1154","2014Jan07_04.RData",25719,56571972,21407,44966943
"1155","2014Jan07_05.RData",14342,56586314,11865,44978808
"1156","2014Jan07_06.RData",12634,56598948,10294,44989102
"1157","2014Jan07_07.RData",17445,56616393,14158,45003260
"1158","2014Jan07_08.RData",24642,56641035,19952,45023212
"1159","2014Jan07_09.RData",34962,56675997,27682,45050894
"1160","2014Jan07_10.RData",45466,56721463,36727,45087621
"1161","2014Jan07_11.RData",57819,56779282,46319,45133940
"1162","2014Jan07_12.RData",66273,56845555,52633,45186573
"1163","2014Jan07_13.RData",69801,56915356,55366,45241939
"1164","2014Jan07_14.RData",71107,56986463,56349,45298288
"1165","2014Jan07_15.RData",70273,57056736,55873,45354161
"1166","2014Jan07_16.RData",70945,57127681,56304,45410465
"1167","2014Jan07_17.RData",71695,57199376,56824,45467289
"1168","2014Jan07_18.RData",75242,57274618,59795,45527084
"1169","2014Jan07_19.RData",75367,57349985,59125,45586209
"1170","2014Jan07_20.RData",70539,57420524,56024,45642233
"1171","2014Jan07_21.RData",78380,57498904,61565,45703798
"1172","2014Jan07_22.RData",79819,57578723,62998,45766796
"1173","2014Jan07_23.RData",79138,57657861,63146,45829942
"1174","2014Jan08_00.RData",81677,57739538,65627,45895569
"1175","2014Jan08_01.RData",79480,57819018,63777,45959346
"1176","2014Jan08_02.RData",63861,57882879,51624,46010970
"1177","2014Jan08_03.RData",39406,57922285,32157,46043127
"1178","2014Jan08_04.RData",22318,57944603,18194,46061321
"1179","2014Jan08_05.RData",13097,57957700,10736,46072057
"1180","2014Jan08_06.RData",13244,57970944,10649,46082706
"1181","2014Jan08_07.RData",18406,57989350,14578,46097284
"1182","2014Jan08_08.RData",26530,58015880,21318,46118602
"1183","2014Jan08_09.RData",34753,58050633,27593,46146195
"1184","2014Jan08_10.RData",44308,58094941,35278,46181473
"1185","2014Jan08_11.RData",53979,58148920,42755,46224228
"1186","2014Jan08_12.RData",62044,58210964,48277,46272505
"1187","2014Jan08_13.RData",64114,58275078,50925,46323430
"1188","2014Jan08_14.RData",65266,58340344,51828,46375258
"1189","2014Jan08_15.RData",67903,58408247,53473,46428731
"1190","2014Jan08_16.RData",67645,58475892,53474,46482205
"1191","2014Jan08_17.RData",70470,58546362,55917,46538122
"1192","2014Jan08_18.RData",73768,58620130,58630,46596752
"1193","2014Jan08_19.RData",76185,58696315,60611,46657363
"1194","2014Jan08_20.RData",78222,58774537,62050,46719413
"1195","2014Jan08_21.RData",79613,58854150,62934,46782347
"1196","2014Jan08_22.RData",81914,58936064,64513,46846860
"1197","2014Jan08_23.RData",83490,59019554,66673,46913533
"1198","2014Jan09_00.RData",81877,59101431,65395,46978928
"1199","2014Jan09_01.RData",75747,59177178,60982,47039910
"1200","2014Jan09_02.RData",54796,59231974,44621,47084531
"1201","2014Jan09_03.RData",34071,59266045,27833,47112364
"1202","2014Jan09_04.RData",19485,59285530,16085,47128449
"1203","2014Jan09_05.RData",11886,59297416,9621,47138070
"1204","2014Jan09_06.RData",14039,59311455,11351,47149421
"1205","2014Jan09_07.RData",20831,59332286,16764,47166185
"1206","2014Jan09_08.RData",27430,59359716,21579,47187764
"1207","2014Jan09_09.RData",37429,59397145,28973,47216737
"1208","2014Jan09_10.RData",46604,59443749,36238,47252975
"1209","2014Jan09_11.RData",56031,59499780,43709,47296684
"1210","2014Jan09_12.RData",59648,59559428,46738,47343422
"1211","2014Jan09_13.RData",60639,59620067,47480,47390902
"1212","2014Jan09_14.RData",62192,59682259,48857,47439759
"1213","2014Jan09_15.RData",64008,59746267,50226,47489985
"1214","2014Jan09_16.RData",67229,59813496,52980,47542965
"1215","2014Jan09_17.RData",68960,59882456,54214,47597179
"1216","2014Jan09_18.RData",72185,59954641,56661,47653840
"1217","2014Jan09_19.RData",76783,60031424,60382,47714222
"1218","2014Jan09_20.RData",77126,60108550,60800,47775022
"1219","2014Jan09_21.RData",79778,60188328,62820,47837842
"1220","2014Jan09_22.RData",81969,60270297,64372,47902214
"1221","2014Jan09_23.RData",82941,60353238,65043,47967257
"1222","2014Jan10_00.RData",79693,60432931,63638,48030895
"1223","2014Jan10_01.RData",71028,60503959,57245,48088140
"1224","2014Jan10_02.RData",50885,60554844,40760,48128900
"1225","2014Jan10_03.RData",30633,60585477,24917,48153817
"1226","2014Jan10_04.RData",18476,60603953,15003,48168820
"1227","2014Jan10_05.RData",10994,60614947,8794,48177614
"1228","2014Jan10_06.RData",13880,60628827,10687,48188301
"1229","2014Jan10_07.RData",21340,60650167,16367,48204668
"1230","2014Jan10_08.RData",30847,60681014,23497,48228165
"1231","2014Jan10_09.RData",39816,60720830,30336,48258501
"1232","2014Jan10_10.RData",48536,60769366,36558,48295059
"1233","2014Jan10_11.RData",46896,60816262,35765,48330824
"1234","2014Jan10_12.RData",55796,60872058,42348,48373172
"1235","2014Jan10_13.RData",7477,60879535,5620,48378792
"1236","2014Jan10_14.RData",28809,60908344,22214,48401006
"1237","2014Jan10_15.RData",66484,60974828,51201,48452207
"1238","2014Jan10_16.RData",28304,61003132,22139,48474346
"1239","2014Jan10_17.RData",68746,61071878,53640,48527986
"1240","2014Jan10_18.RData",68332,61140210,53629,48581615
"1241","2014Jan10_19.RData",69716,61209926,54633,48636248
"1242","2014Jan10_20.RData",71513,61281439,55317,48691565
"1243","2014Jan10_21.RData",74950,61356389,58409,48749974
"1244","2014Jan10_22.RData",73972,61430361,58238,48808212
"1245","2014Jan10_23.RData",75859,61506220,60400,48868612
"1246","2014Jan11_00.RData",73922,61580142,59412,48928024
"1247","2014Jan11_01.RData",68689,61648831,55597,48983621
"1248","2014Jan11_02.RData",13210,61662041,10775,48994396
"1249","2014Jan11_03.RData",9030,61671071,7373,49001769
"1250","2014Jan11_04.RData",21070,61692141,17189,49018958
"1251","2014Jan11_05.RData",13563,61705704,11415,49030373
"1252","2014Jan11_06.RData",8232,61713936,6590,49036963
"1253","2014Jan11_07.RData",10090,61724026,7755,49044718
"1254","2014Jan11_08.RData",15725,61739751,12168,49056886
"1255","2014Jan11_09.RData",27672,61767423,21804,49078690
"1256","2014Jan11_10.RData",43899,61811322,34269,49112959
"1257","2014Jan11_11.RData",57792,61869114,45254,49158213
"1258","2014Jan11_12.RData",66949,61936063,52486,49210699
"1259","2014Jan11_13.RData",67890,62003953,53299,49263998
"1260","2014Jan11_14.RData",67107,62071060,53171,49317169
"1261","2014Jan11_15.RData",67243,62138303,53123,49370292
"1262","2014Jan11_16.RData",65676,62203979,52305,49422597
"1263","2014Jan11_17.RData",66936,62270915,53193,49475790
"1264","2014Jan11_18.RData",69406,62340321,54858,49530648
"1265","2014Jan11_19.RData",65929,62406250,52415,49583063
"1266","2014Jan11_20.RData",73045,62479295,57749,49640812
"1267","2014Jan11_21.RData",75529,62554824,60196,49701008
"1268","2014Jan11_22.RData",74385,62629209,59163,49760171
"1269","2014Jan11_23.RData",74415,62703624,59215,49819386
"1270","2014Jan12_00.RData",75541,62779165,60091,49879477
"1271","2014Jan12_01.RData",70583,62849748,57128,49936605
"1272","2014Jan12_02.RData",60068,62909816,49025,49985630
"1273","2014Jan12_03.RData",43371,62953187,35661,50021291
"1274","2014Jan12_04.RData",25618,62978805,20907,50042198
"1275","2014Jan12_05.RData",13649,62992454,11401,50053599
"1276","2014Jan12_06.RData",7539,62999993,6090,50059689
"1277","2014Jan12_07.RData",7593,63007586,5970,50065659
"1278","2014Jan12_08.RData",7443,63015029,5769,50071428
"1279","2014Jan12_09.RData",23478,63038507,18352,50089780
"1280","2014Jan12_10.RData",38488,63076995,30060,50119840
"1281","2014Jan12_11.RData",53676,63130671,42761,50162601
"1282","2014Jan12_12.RData",63948,63194619,50698,50213299
"1283","2014Jan12_13.RData",64468,63259087,51747,50265046
"1284","2014Jan12_14.RData",67150,63326237,53237,50318283
"1285","2014Jan12_15.RData",66748,63392985,53000,50371283
"1286","2014Jan12_16.RData",70311,63463296,55657,50426940
"1287","2014Jan12_17.RData",66348,63529644,53085,50480025
"1288","2014Jan12_18.RData",70972,63600616,56322,50536347
"1289","2014Jan12_19.RData",68826,63669442,54813,50591160
"1290","2014Jan12_20.RData",70163,63739605,56154,50647314
"1291","2014Jan12_21.RData",73487,63813092,58813,50706127
"1292","2014Jan12_22.RData",76969,63890061,61261,50767388
"1293","2014Jan12_23.RData",78858,63968919,62867,50830255
"1294","2014Jan13_00.RData",76626,64045545,61613,50891868
"1295","2014Jan13_01.RData",68444,64113989,55991,50947859
"1296","2014Jan13_02.RData",47002,64160991,38030,50985889
"1297","2014Jan13_03.RData",24186,64185177,20255,51006144
"1298","2014Jan13_04.RData",12950,64198127,10635,51016779
"1299","2014Jan13_05.RData",7843,64205970,6176,51022955
"1300","2014Jan13_06.RData",11047,64217017,8845,51031800
"1301","2014Jan13_07.RData",19732,64236749,15821,51047621
"1302","2014Jan13_08.RData",27542,64264291,21553,51069174
"1303","2014Jan13_09.RData",35907,64300198,28483,51097657
"1304","2014Jan13_10.RData",46089,64346287,36366,51134023
"1305","2014Jan13_11.RData",51281,64397568,40821,51174844
"1306","2014Jan13_12.RData",56755,64454323,45031,51219875
"1307","2014Jan13_15.RData",75329,64529652,59298,51279173
"1308","2014Jan13_16.RData",80368,64610020,62825,51341998
"1309","2014Jan13_17.RData",82129,64692149,64169,51406167
"1310","2014Jan13_18.RData",87342,64779491,68322,51474489
"1311","2014Jan13_19.RData",90160,64869651,70700,51545189
"1312","2014Jan13_20.RData",91129,64960780,71557,51616746
"1313","2014Jan13_21.RData",93186,65053966,73067,51689813
"1314","2014Jan13_22.RData",93437,65147403,73261,51763074
"1315","2014Jan13_23.RData",93586,65240989,74080,51837154
"1316","2014Jan14_00.RData",89620,65330609,72179,51909333
"1317","2014Jan14_01.RData",74228,65404837,59912,51969245
"1318","2014Jan14_02.RData",46825,65451662,37886,52007131
"1319","2014Jan14_03.RData",24216,65475878,19680,52026811
"1320","2014Jan14_04.RData",12372,65488250,10281,52037092
"1321","2014Jan14_05.RData",8886,65497136,6823,52043915
"1322","2014Jan14_06.RData",13682,65510818,10753,52054668
"1323","2014Jan14_07.RData",24751,65535569,19279,52073947
"1324","2014Jan14_08.RData",33863,65569432,26621,52100568
"1325","2014Jan14_09.RData",45550,65614982,35519,52136087
"1326","2014Jan14_10.RData",59989,65674971,46512,52182599
"1327","2014Jan14_11.RData",68489,65743460,53353,52235952
"1328","2014Jan14_12.RData",72827,65816287,56600,52292552
"1329","2014Jan14_13.RData",73865,65890152,57631,52350183
"1330","2014Jan14_14.RData",75213,65965365,58504,52408687
"1331","2014Jan14_15.RData",77326,66042691,60320,52469007
"1332","2014Jan14_16.RData",77730,66120421,60801,52529808
"1333","2014Jan14_17.RData",80806,66201227,63268,52593076
"1334","2014Jan14_18.RData",85307,66286534,66948,52660024
"1335","2014Jan14_19.RData",89802,66376336,69949,52729973
"1336","2014Jan14_20.RData",88365,66464701,69561,52799534
"1337","2014Jan14_21.RData",94050,66558751,73609,52873143
"1338","2014Jan14_22.RData",94817,66653568,74626,52947769
"1339","2014Jan14_23.RData",91062,66744630,72290,53020059
"1340","2014Jan15_00.RData",90990,66835620,73017,53093076
"1341","2014Jan15_01.RData",74082,66909702,59759,53152835
"1342","2014Jan15_02.RData",45048,66954750,36685,53189520
"1343","2014Jan15_03.RData",23502,66978252,19111,53208631
"1344","2014Jan15_04.RData",13985,66992237,11514,53220145
"1345","2014Jan15_05.RData",8981,67001218,7300,53227445
"1346","2014Jan15_06.RData",13972,67015190,11119,53238564
"1347","2014Jan15_07.RData",24838,67040028,19356,53257920
"1348","2014Jan15_08.RData",35819,67075847,27414,53285334
"1349","2014Jan15_09.RData",47329,67123176,36905,53322239
"1350","2014Jan15_10.RData",61362,67184538,47723,53369962
"1351","2014Jan15_11.RData",69837,67254375,54462,53424424
"1352","2014Jan15_12.RData",76438,67330813,58979,53483403
"1353","2014Jan15_13.RData",70118,67400931,54320,53537723
"1354","2014Jan15_14.RData",73521,67474452,56798,53594521
"1355","2014Jan15_15.RData",79503,67553955,61413,53655934
"1356","2014Jan15_16.RData",80866,67634821,63212,53719146
"1357","2014Jan15_17.RData",81791,67716612,63903,53783049
"1358","2014Jan15_18.RData",88492,67805104,68903,53851952
"1359","2014Jan15_19.RData",94121,67899225,72856,53924808
"1360","2014Jan15_20.RData",94342,67993567,73353,53998161
"1361","2014Jan15_21.RData",95382,68088949,74829,54072990
"1362","2014Jan15_22.RData",94470,68183419,73895,54146885
"1363","2014Jan15_23.RData",95749,68279168,75005,54221890
"1364","2014Jan16_00.RData",91712,68370880,72705,54294595
"1365","2014Jan16_01.RData",74910,68445790,60007,54354602
"1366","2014Jan16_02.RData",44116,68489906,35848,54390450
"1367","2014Jan16_03.RData",24431,68514337,19972,54410422
"1368","2014Jan16_04.RData",13136,68527473,10763,54421185
"1369","2014Jan16_05.RData",8686,68536159,6879,54428064
"1370","2014Jan16_06.RData",13484,68549643,10527,54438591
"1371","2014Jan16_07.RData",23826,68573469,18705,54457296
"1372","2014Jan16_08.RData",35194,68608663,27624,54484920
"1373","2014Jan16_09.RData",48933,68657596,37872,54522792
"1374","2014Jan16_10.RData",61822,68719418,48349,54571141
"1375","2014Jan16_11.RData",70376,68789794,54648,54625789
"1376","2014Jan16_12.RData",71807,68861601,55801,54681590
"1377","2014Jan16_13.RData",75298,68936899,58547,54740137
"1378","2014Jan16_14.RData",75719,69012618,58619,54798756
"1379","2014Jan16_15.RData",78011,69090629,60145,54858901
"1380","2014Jan16_16.RData",76202,69166831,59263,54918164
"1381","2014Jan16_17.RData",85066,69251897,67368,54985532
"1382","2014Jan16_18.RData",86460,69338357,67837,55053369
"1383","2014Jan16_19.RData",90266,69428623,70279,55123648
"1384","2014Jan16_20.RData",92671,69521294,71553,55195201
"1385","2014Jan16_21.RData",95031,69616325,73633,55268834
"1386","2014Jan16_22.RData",95658,69711983,74411,55343245
"1387","2014Jan16_23.RData",93377,69805360,73208,55416453
"1388","2014Jan17_00.RData",90528,69895888,71934,55488387
"1389","2014Jan17_01.RData",72994,69968882,58254,55546641
"1390","2014Jan17_02.RData",45073,70013955,36659,55583300
"1391","2014Jan17_03.RData",26249,70040204,21283,55604583
"1392","2014Jan17_04.RData",14199,70054403,11340,55615923
"1393","2014Jan17_05.RData",9512,70063915,7207,55623130
"1394","2014Jan17_06.RData",14611,70078526,10728,55633858
"1395","2014Jan17_07.RData",25192,70103718,19024,55652882
"1396","2014Jan17_08.RData",39224,70142942,28717,55681599
"1397","2014Jan17_09.RData",53266,70196208,40010,55721609
"1398","2014Jan17_10.RData",69436,70265644,52161,55773770
"1399","2014Jan17_11.RData",79565,70345209,59865,55833635
"1400","2014Jan17_12.RData",81850,70427059,61429,55895064
"1401","2014Jan17_13.RData",80710,70507769,60879,55955943
"1402","2014Jan17_14.RData",79196,70586965,60097,56016040
"1403","2014Jan17_15.RData",79794,70666759,60350,56076390
"1404","2014Jan17_16.RData",79955,70746714,60847,56137237
"1405","2014Jan17_17.RData",80129,70826843,61063,56198300
"1406","2014Jan17_18.RData",81621,70908464,62654,56260954
"1407","2014Jan17_19.RData",83325,70991789,64170,56325124
"1408","2014Jan17_20.RData",86506,71078295,66595,56391719
"1409","2014Jan17_21.RData",89363,71167658,69665,56461384
"1410","2014Jan17_22.RData",89613,71257271,69858,56531242
"1411","2014Jan17_23.RData",88370,71345641,69349,56600591
"1412","2014Jan18_00.RData",84331,71429972,67327,56667918
"1413","2014Jan18_01.RData",71984,71501956,57993,56725911
"1414","2014Jan18_02.RData",50896,71552852,41205,56767116
"1415","2014Jan18_03.RData",32255,71585107,26411,56793527
"1416","2014Jan18_04.RData",18421,71603528,15121,56808648
"1417","2014Jan18_05.RData",9998,71613526,8058,56816706
"1418","2014Jan18_06.RData",7914,71621440,6236,56822942
"1419","2014Jan18_07.RData",11168,71632608,8385,56831327
"1420","2014Jan18_08.RData",21123,71653731,16072,56847399
"1421","2014Jan18_09.RData",38220,71691951,29682,56877081
"1422","2014Jan18_10.RData",57587,71749538,44671,56921752
"1423","2014Jan18_11.RData",73554,71823092,57140,56978892
"1424","2014Jan18_12.RData",80950,71904042,62515,57041407
"1425","2014Jan18_13.RData",82123,71986165,63827,57105234
"1426","2014Jan18_14.RData",82173,72068338,63779,57169013
"1427","2014Jan18_15.RData",78827,72147165,61697,57230710
"1428","2014Jan18_16.RData",76745,72223910,60012,57290722
"1429","2014Jan18_17.RData",77083,72300993,60218,57350940
"1430","2014Jan18_18.RData",84148,72385141,65378,57416318
"1431","2014Jan18_19.RData",83493,72468634,65516,57481834
"1432","2014Jan18_20.RData",85065,72553699,66278,57548112
"1433","2014Jan18_21.RData",86605,72640304,67380,57615492
"1434","2014Jan18_22.RData",88388,72728692,68793,57684285
"1435","2014Jan18_23.RData",86184,72814876,67367,57751652
"1436","2014Jan19_00.RData",85027,72899903,68552,57820204
"1437","2014Jan19_01.RData",77202,72977105,62534,57882738
"1438","2014Jan19_02.RData",59400,73036505,48617,57931355
"1439","2014Jan19_03.RData",40597,73077102,33192,57964547
"1440","2014Jan19_04.RData",23437,73100539,19438,57983985
"1441","2014Jan19_05.RData",12750,73113289,10364,57994349
"1442","2014Jan19_06.RData",8076,73121365,6319,58000668
"1443","2014Jan19_07.RData",9534,73130899,7353,58008021
"1444","2014Jan19_08.RData",17324,73148223,13188,58021209
"1445","2014Jan19_09.RData",33511,73181734,25960,58047169
"1446","2014Jan19_10.RData",53310,73235044,41951,58089120
"1447","2014Jan19_11.RData",72584,73307628,57219,58146339
"1448","2014Jan19_12.RData",83322,73390950,64646,58210985
"1449","2014Jan19_13.RData",86112,73477062,67258,58278243
"1450","2014Jan19_14.RData",84776,73561838,66097,58344340
"1451","2014Jan19_15.RData",79062,73640900,62321,58406661
"1452","2014Jan19_16.RData",84563,73725463,66044,58472705
"1453","2014Jan19_17.RData",82814,73808277,65259,58537964
"1454","2014Jan19_18.RData",83533,73891810,65836,58603800
"1455","2014Jan19_19.RData",85842,73977652,67529,58671329
"1456","2014Jan19_20.RData",86236,74063888,67089,58738418
"1457","2014Jan19_21.RData",75036,74138924,59904,58798322
"1458","2014Jan19_22.RData",94920,74233844,74784,58873106
"1459","2014Jan19_23.RData",89932,74323776,71063,58944169
"1460","2014Jan20_00.RData",87389,74411165,69967,59014136
"1461","2014Jan20_01.RData",80425,74491590,65116,59079252
"1462","2014Jan20_02.RData",60577,74552167,49166,59128418
"1463","2014Jan20_03.RData",38201,74590368,31166,59159584
"1464","2014Jan20_04.RData",20805,74611173,16940,59176524
"1465","2014Jan20_05.RData",11205,74622378,8967,59185491
"1466","2014Jan20_06.RData",9406,74631784,7121,59192612
"1467","2014Jan20_07.RData",13221,74645005,9643,59202255
"1468","2014Jan20_08.RData",21265,74666270,16017,59218272
"1469","2014Jan20_09.RData",35967,74702237,28017,59246289
"1470","2014Jan20_10.RData",53237,74755474,41752,59288041
"1471","2014Jan20_11.RData",70659,74826133,55620,59343661
"1472","2014Jan20_12.RData",81905,74908038,63927,59407588
"1473","2014Jan20_13.RData",83738,74991776,65624,59473212
"1474","2014Jan20_14.RData",83113,75074889,64367,59537579
"1475","2014Jan20_15.RData",81334,75156223,63486,59601065
"1476","2014Jan20_16.RData",80063,75236286,62805,59663870
"1477","2014Jan20_17.RData",82069,75318355,64147,59728017
"1478","2014Jan20_18.RData",84399,75402754,65958,59793975
"1479","2014Jan20_19.RData",89625,75492379,70037,59864012
"1480","2014Jan20_20.RData",88209,75580588,69525,59933537
"1481","2014Jan20_21.RData",95093,75675681,75406,60008943
"1482","2014Jan20_22.RData",91777,75767458,72415,60081358
"1483","2014Jan20_23.RData",94079,75861537,73758,60155116
"1484","2014Jan21_00.RData",90791,75952328,72792,60227908
"1485","2014Jan21_01.RData",80071,76032399,64588,60292496
"1486","2014Jan21_02.RData",51247,76083646,41440,60333936
"1487","2014Jan21_03.RData",26262,76109908,21381,60355317
"1488","2014Jan21_04.RData",12760,76122668,10397,60365714
"1489","2014Jan21_05.RData",8553,76131221,6827,60372541
"1490","2014Jan21_06.RData",15429,76146650,12394,60384935
"1491","2014Jan21_07.RData",26929,76173579,21035,60405970
"1492","2014Jan21_08.RData",38040,76211619,29501,60435471
"1493","2014Jan21_09.RData",50542,76262161,40006,60475477
"1494","2014Jan21_10.RData",64857,76327018,51490,60526967
"1495","2014Jan21_11.RData",75839,76402857,59816,60586783
"1496","2014Jan21_12.RData",83002,76485859,64841,60651624
"1497","2014Jan21_13.RData",85024,76570883,66044,60717668
"1498","2014Jan21_14.RData",83506,76654389,64970,60782638
"1499","2014Jan21_15.RData",83191,76737580,64744,60847382
"1500","2014Jan21_16.RData",82780,76820360,64675,60912057
"1501","2014Jan21_17.RData",87551,76907911,68377,60980434
"1502","2014Jan21_18.RData",92460,77000371,71839,61052273
"1503","2014Jan21_19.RData",93411,77093782,73130,61125403
"1504","2014Jan21_20.RData",91866,77185648,71978,61197381
"1505","2014Jan21_21.RData",97180,77282828,75269,61272650
"1506","2014Jan21_22.RData",98210,77381038,76129,61348779
"1507","2014Jan21_23.RData",96398,77477436,75237,61424016
"1508","2014Jan22_00.RData",93119,77570555,73832,61497848
"1509","2014Jan22_01.RData",79316,77649871,63478,61561326
"1510","2014Jan22_02.RData",47048,77696919,38120,61599446
"1511","2014Jan22_03.RData",23640,77720559,19143,61618589
"1512","2014Jan22_04.RData",11697,77732256,9505,61628094
"1513","2014Jan22_05.RData",7987,77740243,6348,61634442
"1514","2014Jan22_06.RData",11631,77751874,9017,61643459
"1515","2014Jan22_07.RData",22440,77774314,17367,61660826
"1516","2014Jan22_08.RData",36251,77810565,28085,61688911
"1517","2014Jan22_09.RData",51920,77862485,40708,61729619
"1518","2014Jan22_10.RData",68976,77931461,53667,61783286
"1519","2014Jan22_11.RData",77552,78009013,60545,61843831
"1520","2014Jan22_12.RData",83272,78092285,64235,61908066
"1521","2014Jan22_13.RData",82145,78174430,63425,61971491
"1522","2014Jan22_14.RData",80797,78255227,62491,62033982
"1523","2014Jan22_15.RData",81408,78336635,62544,62096526
"1524","2014Jan22_16.RData",83752,78420387,64771,62161297
"1525","2014Jan22_17.RData",85887,78506274,67067,62228364
"1526","2014Jan22_18.RData",90900,78597174,70613,62298977
"1527","2014Jan22_19.RData",94805,78691979,73630,62372607
"1528","2014Jan22_20.RData",95374,78787353,73908,62446515
"1529","2014Jan22_21.RData",96637,78883990,75235,62521750
"1530","2014Jan22_22.RData",94976,78978966,74052,62595802
"1531","2014Jan22_23.RData",96835,79075801,75623,62671425
